0,0,[1, 1, 1],[0, 6, 12] | 15100,28900,1.95,0.0736139117287
0,0,[1, 0, 1],[0, 6, 12] | 14600,26500,1.8915,0.0736139117287
0,0,[1, 5, 1],[0, 6, 12] | 14100,23700,1.8272,0.0736139117287
0,0,[0, 1, 0],[0, 6, 12] | 14200,24100,1.833,0.0736139117287
0,0,[5, 1, 1, 5],[0, 4, 8, 12] | 14900,28100,1.9384,0.0736139117287
0,0,[4, 1, 1, 4],[0, 4, 8, 12] | 14500,25900,1.8828,0.0736139117287
0,0,[3, 1, 1, 3],[0, 4, 8, 12] | 14200,24200,1.8411,0.0736139117287
0,0,[1, 1, 1, 1],[0, 4, 8, 12] | 16900,31900,2.184,0.0736139117287
0,0,[1, 0, 0, 1],[0, 4, 8, 12] | 16000,31900,2.067,0.0736139117287
0,0,[1, 5, 5, 1],[0, 4, 8, 12] | 14900,28100,1.9384,0.0736139117287
0,0,[1, 4, 4, 1],[0, 4, 8, 12] | 14500,25900,1.8828,0.0736139117287
0,0,[1, 3, 3, 1],[0, 4, 8, 12] | 14200,24200,1.8411,0.0736139117287
0,0,[0, 0, 0, 0],[0, 4, 8, 12] | 15100,30300,1.95,0.0736139117287
0,0,[0, 1, 1, 0],[0, 4, 8, 12] | 16000,31900,2.067,0.0736139117287
0,0,[5, 5, 1, 5, 5],[0, 3, 6, 9, 12] | 14800,31900,1.9268,0.0736139117287
0,0,[5, 5, 0, 5, 5],[0, 3, 6, 9, 12] | 14300,31900,1.8683,0.0736139117287
0,0,[5, 4, 1, 4, 5],[0, 3, 6, 9, 12] | 14300,28900,1.8712,0.0736139117287
0,0,[5, 1, 5, 1, 5],[0, 3, 6, 9, 12] | 15700,31900,2.0496,0.0736139117287
0,0,[5, 1, 4, 1, 5],[0, 3, 6, 9, 12] | 15500,31400,2.0218,0.0736139117287
0,0,[5, 1, 3, 1, 5],[0, 3, 6, 9, 12] | 15400,30600,2.00095,0.0736139117287
0,0,[5, 1, 2, 1, 5],[0, 3, 6, 9, 12] | 15200,29800,1.9801,0.0736139117287
0,0,[5, 1, 1, 1, 5],[0, 3, 6, 9, 12] | 16700,31900,2.1724,0.0736139117287
0,0,[5, 1, 0, 1, 5],[0, 3, 6, 9, 12] | 16300,31900,2.1139,0.0736139117287
0,0,[5, 0, 5, 0, 5],[0, 3, 6, 9, 12] | 14800,29100,1.9326,0.0736139117287
0,0,[5, 0, 4, 0, 5],[0, 3, 6, 9, 12] | 14600,27900,1.9048,0.0736139117287
0,0,[5, 0, 3, 0, 5],[0, 3, 6, 9, 12] | 14500,27000,1.88395,0.0736139117287
0,0,[5, 0, 2, 0, 5],[0, 3, 6, 9, 12] | 14300,26200,1.8631,0.0736139117287
0,0,[5, 0, 1, 0, 5],[0, 3, 6, 9, 12] | 15800,31900,2.0554,0.0736139117287
0,0,[5, 0, 0, 0, 5],[0, 3, 6, 9, 12] | 15400,31900,1.9969,0.0736139117287
0,0,[4, 1, 4, 1, 4],[0, 3, 6, 9, 12] | 15100,29200,1.9662,0.0736139117287
0,0,[4, 1, 3, 1, 4],[0, 3, 6, 9, 12] | 15000,28400,1.94535,0.0736139117287
0,0,[4, 1, 2, 1, 4],[0, 3, 6, 9, 12] | 14800,27600,1.9245,0.0736139117287
0,0,[4, 1, 1, 1, 4],[0, 3, 6, 9, 12] | 16300,31900,2.1168,0.0736139117287
0,0,[4, 1, 0, 1, 4],[0, 3, 6, 9, 12] | 15800,31900,2.0583,0.0736139117287
0,0,[4, 1, 5, 1, 4],[0, 3, 6, 9, 12] | 15300,30300,1.994,0.0736139117287
0,0,[4, 0, 4, 0, 4],[0, 3, 6, 9, 12] | 14200,25600,1.8492,0.0736139117287
0,0,[4, 0, 3, 0, 4],[0, 3, 6, 9, 12] | 14100,24700,1.82835,0.0736139117287
0,0,[4, 0, 1, 0, 4],[0, 3, 6, 9, 12] | 15400,30700,1.9998,0.0736139117287
0,0,[4, 0, 0, 0, 4],[0, 3, 6, 9, 12] | 14900,29700,1.9413,0.0736139117287
0,0,[4, 0, 5, 0, 4],[0, 3, 6, 9, 12] | 14400,26700,1.877,0.0736139117287
0,0,[4, 5, 1, 5, 4],[0, 3, 6, 9, 12] | 14300,28900,1.8712,0.0736139117287
0,0,[3, 1, 3, 1, 3],[0, 3, 6, 9, 12] | 14600,26700,1.90365,0.0736139117287
0,0,[3, 1, 2, 1, 3],[0, 3, 6, 9, 12] | 14500,25900,1.8828,0.0736139117287
0,0,[3, 1, 1, 1, 3],[0, 3, 6, 9, 12] | 16000,31900,2.0751,0.0736139117287
0,0,[3, 1, 0, 1, 3],[0, 3, 6, 9, 12] | 15500,31500,2.0166,0.0736139117287
0,0,[3, 1, 5, 1, 3],[0, 3, 6, 9, 12] | 15000,28700,1.9523,0.0736139117287
0,0,[3, 1, 4, 1, 3],[0, 3, 6, 9, 12] | 14800,27600,1.9245,0.0736139117287
0,0,[3, 0, 1, 0, 3],[0, 3, 6, 9, 12] | 15100,29100,1.9581,0.0736139117287
0,0,[3, 0, 0, 0, 3],[0, 3, 6, 9, 12] | 14600,27900,1.8996,0.0736139117287
0,0,[3, 0, 5, 0, 3],[0, 3, 6, 9, 12] | 14100,25000,1.8353,0.0736139117287
0,0,[2, 1, 2, 1, 2],[0, 3, 6, 9, 12] | 14200,24200,1.8411,0.0736139117287
0,0,[2, 1, 1, 1, 2],[0, 3, 6, 9, 12] | 15700,31900,2.0334,0.0736139117287
0,0,[2, 1, 0, 1, 2],[0, 3, 6, 9, 12] | 15200,29800,1.9749,0.0736139117287
0,0,[2, 1, 5, 1, 2],[0, 3, 6, 9, 12] | 14700,27000,1.9106,0.0736139117287
0,0,[2, 1, 4, 1, 2],[0, 3, 6, 9, 12] | 14500,25900,1.8828,0.0736139117287
0,0,[2, 1, 3, 1, 2],[0, 3, 6, 9, 12] | 14300,25100,1.86195,0.0736139117287
0,0,[2, 0, 1, 0, 2],[0, 3, 6, 9, 12] | 14800,27400,1.9164,0.0736139117287
0,0,[2, 0, 0, 0, 2],[0, 3, 6, 9, 12] | 14300,26200,1.8579,0.0736139117287
0,0,[1, 1, 1, 1, 1],[0, 3, 6, 9, 12] | 18700,31900,2.418,0.0736139117287
0,0,[1, 1, 0, 1, 1],[0, 3, 6, 9, 12] | 18200,31900,2.3595,0.0736139117287
0,0,[1, 1, 5, 1, 1],[0, 3, 6, 9, 12] | 17700,31900,2.2952,0.0736139117287
0,0,[1, 1, 4, 1, 1],[0, 3, 6, 9, 12] | 17500,31900,2.2674,0.0736139117287
0,0,[1, 1, 3, 1, 1],[0, 3, 6, 9, 12] | 17300,31900,2.24655,0.0736139117287
0,0,[1, 1, 2, 1, 1],[0, 3, 6, 9, 12] | 17200,31900,2.2257,0.0736139117287
0,0,[1, 0, 1, 0, 1],[0, 3, 6, 9, 12] | 17800,31900,2.301,0.0736139117287
0,0,[1, 0, 0, 0, 1],[0, 3, 6, 9, 12] | 17300,31900,2.2425,0.0736139117287
0,0,[1, 0, 5, 0, 1],[0, 3, 6, 9, 12] | 16800,31900,2.1782,0.0736139117287
0,0,[1, 0, 4, 0, 1],[0, 3, 6, 9, 12] | 16600,31900,2.1504,0.0736139117287
0,0,[1, 0, 3, 0, 1],[0, 3, 6, 9, 12] | 16400,31900,2.12955,0.0736139117287
0,0,[1, 0, 2, 0, 1],[0, 3, 6, 9, 12] | 16300,31900,2.1087,0.0736139117287
0,0,[1, 5, 1, 5, 1],[0, 3, 6, 9, 12] | 16700,31900,2.1724,0.0736139117287
0,0,[1, 5, 0, 5, 1],[0, 3, 6, 9, 12] | 16300,31900,2.1139,0.0736139117287
0,0,[1, 5, 5, 5, 1],[0, 3, 6, 9, 12] | 15700,31900,2.0496,0.0736139117287
0,0,[1, 5, 4, 5, 1],[0, 3, 6, 9, 12] | 15500,31400,2.0218,0.0736139117287
0,0,[1, 5, 3, 5, 1],[0, 3, 6, 9, 12] | 15400,30600,2.00095,0.0736139117287
0,0,[1, 5, 2, 5, 1],[0, 3, 6, 9, 12] | 15200,29800,1.9801,0.0736139117287
0,0,[1, 4, 1, 4, 1],[0, 3, 6, 9, 12] | 16300,31900,2.1168,0.0736139117287
0,0,[1, 4, 0, 4, 1],[0, 3, 6, 9, 12] | 15800,31900,2.0583,0.0736139117287
0,0,[1, 4, 5, 4, 1],[0, 3, 6, 9, 12] | 15300,30300,1.994,0.0736139117287
0,0,[1, 4, 4, 4, 1],[0, 3, 6, 9, 12] | 15100,29200,1.9662,0.0736139117287
0,0,[1, 4, 3, 4, 1],[0, 3, 6, 9, 12] | 15000,28400,1.94535,0.0736139117287
0,0,[1, 4, 2, 4, 1],[0, 3, 6, 9, 12] | 14800,27600,1.9245,0.0736139117287
0,0,[1, 3, 1, 3, 1],[0, 3, 6, 9, 12] | 16000,31900,2.0751,0.0736139117287
0,0,[1, 3, 0, 3, 1],[0, 3, 6, 9, 12] | 15500,31500,2.0166,0.0736139117287
0,0,[1, 3, 5, 3, 1],[0, 3, 6, 9, 12] | 15000,28700,1.9523,0.0736139117287
0,0,[1, 3, 4, 3, 1],[0, 3, 6, 9, 12] | 14800,27600,1.9245,0.0736139117287
0,0,[1, 3, 3, 3, 1],[0, 3, 6, 9, 12] | 14600,26700,1.90365,0.0736139117287
0,0,[1, 3, 2, 3, 1],[0, 3, 6, 9, 12] | 14500,25900,1.8828,0.0736139117287
0,0,[1, 2, 1, 2, 1],[0, 3, 6, 9, 12] | 15700,31900,2.0334,0.0736139117287
0,0,[1, 2, 0, 2, 1],[0, 3, 6, 9, 12] | 15200,29800,1.9749,0.0736139117287
0,0,[1, 2, 5, 2, 1],[0, 3, 6, 9, 12] | 14700,27000,1.9106,0.0736139117287
0,0,[1, 2, 4, 2, 1],[0, 3, 6, 9, 12] | 14500,25900,1.8828,0.0736139117287
0,0,[1, 2, 3, 2, 1],[0, 3, 6, 9, 12] | 14300,25100,1.86195,0.0736139117287
0,0,[1, 2, 2, 2, 1],[0, 3, 6, 9, 12] | 14200,24200,1.8411,0.0736139117287
0,0,[0, 0, 0, 0, 0],[0, 3, 6, 9, 12] | 16400,31900,2.1255,0.0736139117287
0,0,[0, 0, 1, 0, 0],[0, 3, 6, 9, 12] | 16900,31900,2.184,0.0736139117287
0,0,[0, 0, 2, 0, 0],[0, 3, 6, 9, 12] | 15400,31900,1.9917,0.0736139117287
0,0,[0, 0, 3, 0, 0],[0, 3, 6, 9, 12] | 15500,31900,2.01255,0.0736139117287
0,0,[0, 0, 4, 0, 0],[0, 3, 6, 9, 12] | 15700,31900,2.0334,0.0736139117287
0,0,[0, 0, 5, 0, 0],[0, 3, 6, 9, 12] | 15900,31900,2.0612,0.0736139117287
0,0,[0, 1, 0, 1, 0],[0, 3, 6, 9, 12] | 17300,31900,2.2425,0.0736139117287
0,0,[0, 1, 1, 1, 0],[0, 3, 6, 9, 12] | 17800,31900,2.301,0.0736139117287
0,0,[0, 1, 2, 1, 0],[0, 3, 6, 9, 12] | 16300,31900,2.1087,0.0736139117287
0,0,[0, 1, 3, 1, 0],[0, 3, 6, 9, 12] | 16400,31900,2.12955,0.0736139117287
0,0,[0, 1, 4, 1, 0],[0, 3, 6, 9, 12] | 16600,31900,2.1504,0.0736139117287
0,0,[0, 1, 5, 1, 0],[0, 3, 6, 9, 12] | 16800,31900,2.1782,0.0736139117287
0,0,[0, 2, 0, 2, 0],[0, 3, 6, 9, 12] | 14300,26200,1.8579,0.0736139117287
0,0,[0, 2, 1, 2, 0],[0, 3, 6, 9, 12] | 14800,27400,1.9164,0.0736139117287
0,0,[0, 3, 0, 3, 0],[0, 3, 6, 9, 12] | 14600,27900,1.8996,0.0736139117287
0,0,[0, 3, 1, 3, 0],[0, 3, 6, 9, 12] | 15100,29100,1.9581,0.0736139117287
0,0,[0, 3, 5, 3, 0],[0, 3, 6, 9, 12] | 14100,25000,1.8353,0.0736139117287
0,0,[0, 4, 0, 4, 0],[0, 3, 6, 9, 12] | 14900,29700,1.9413,0.0736139117287
0,0,[0, 4, 1, 4, 0],[0, 3, 6, 9, 12] | 15400,30700,1.9998,0.0736139117287
0,0,[0, 4, 3, 4, 0],[0, 3, 6, 9, 12] | 14100,24700,1.82835,0.0736139117287
0,0,[0, 4, 4, 4, 0],[0, 3, 6, 9, 12] | 14200,25600,1.8492,0.0736139117287
0,0,[0, 4, 5, 4, 0],[0, 3, 6, 9, 12] | 14400,26700,1.877,0.0736139117287
0,0,[0, 5, 0, 5, 0],[0, 3, 6, 9, 12] | 15400,31900,1.9969,0.0736139117287
0,0,[0, 5, 1, 5, 0],[0, 3, 6, 9, 12] | 15800,31900,2.0554,0.0736139117287
0,0,[0, 5, 2, 5, 0],[0, 3, 6, 9, 12] | 14300,26200,1.8631,0.0736139117287
0,0,[0, 5, 3, 5, 0],[0, 3, 6, 9, 12] | 14500,27000,1.88395,0.0736139117287
0,0,[0, 5, 4, 5, 0],[0, 3, 6, 9, 12] | 14600,27900,1.9048,0.0736139117287
0,0,[0, 5, 5, 5, 0],[0, 3, 6, 9, 12] | 14800,29000,1.9326,0.0736139117287
0,0,[5, 5, 5, 5, 5, 5],[0, 3, 5, 7, 9, 12] | 14600,31900,1.9152,0.0736139117287
0,0,[5, 5, 4, 4, 5, 5],[0, 3, 5, 7, 9, 12] | 14200,31900,1.8596,0.0736139117287
0,0,[5, 5, 1, 1, 5, 5],[0, 3, 5, 7, 9, 12] | 16600,31900,2.1608,0.0736139117287
0,0,[5, 5, 0, 0, 5, 5],[0, 3, 5, 7, 9, 12] | 15700,31900,2.0438,0.0736139117287
0,0,[5, 4, 5, 5, 4, 5],[0, 3, 5, 7, 9, 12] | 14200,31900,1.8596,0.0736139117287
0,0,[5, 4, 1, 1, 4, 5],[0, 3, 5, 7, 9, 12] | 16100,31900,2.1052,0.0736139117287
0,0,[5, 4, 0, 0, 4, 5],[0, 3, 5, 7, 9, 12] | 15200,31400,1.9882,0.0736139117287
0,0,[5, 3, 1, 1, 3, 5],[0, 3, 5, 7, 9, 12] | 15800,31900,2.0635,0.0736139117287
0,0,[5, 3, 0, 0, 3, 5],[0, 3, 5, 7, 9, 12] | 14900,29600,1.9465,0.0736139117287
0,0,[5, 2, 1, 1, 2, 5],[0, 3, 5, 7, 9, 12] | 15500,31400,2.0218,0.0736139117287
0,0,[5, 2, 0, 0, 2, 5],[0, 3, 5, 7, 9, 12] | 14600,27900,1.9048,0.0736139117287
0,0,[5, 1, 5, 5, 1, 5],[0, 3, 5, 7, 9, 12] | 16600,31900,2.1608,0.0736139117287
0,0,[5, 1, 4, 4, 1, 5],[0, 3, 5, 7, 9, 12] | 16100,31900,2.1052,0.0736139117287
0,0,[5, 1, 3, 3, 1, 5],[0, 3, 5, 7, 9, 12] | 15800,31900,2.0635,0.0736139117287
0,0,[5, 1, 2, 2, 1, 5],[0, 3, 5, 7, 9, 12] | 15500,31400,2.0218,0.0736139117287
0,0,[5, 1, 1, 1, 1, 5],[0, 3, 5, 7, 9, 12] | 18500,31900,2.4064,0.0736139117287
0,0,[5, 1, 0, 0, 1, 5],[0, 3, 5, 7, 9, 12] | 17600,31900,2.2894,0.0736139117287
0,0,[5, 0, 5, 5, 0, 5],[0, 3, 5, 7, 9, 12] | 15700,31900,2.0438,0.0736139117287
0,0,[5, 0, 4, 4, 0, 5],[0, 3, 5, 7, 9, 12] | 15200,31400,1.9882,0.0736139117287
0,0,[5, 0, 3, 3, 0, 5],[0, 3, 5, 7, 9, 12] | 14900,29600,1.9465,0.0736139117287
0,0,[5, 0, 2, 2, 0, 5],[0, 3, 5, 7, 9, 12] | 14600,27900,1.9048,0.0736139117287
0,0,[5, 0, 1, 1, 0, 5],[0, 3, 5, 7, 9, 12] | 17600,31900,2.2894,0.0736139117287
0,0,[5, 0, 0, 0, 0, 5],[0, 3, 5, 7, 9, 12] | 16700,31900,2.1724,0.0736139117287
0,0,[4, 4, 1, 1, 4, 4],[0, 3, 5, 7, 9, 12] | 15700,31900,2.0496,0.0736139117287
0,0,[4, 4, 0, 0, 4, 4],[0, 3, 5, 7, 9, 12] | 14800,29100,1.9326,0.0736139117287
0,0,[4, 3, 1, 1, 3, 4],[0, 3, 5, 7, 9, 12] | 15400,30900,2.0079,0.0736139117287
0,0,[4, 3, 0, 0, 3, 4],[0, 3, 5, 7, 9, 12] | 14500,27300,1.8909,0.0736139117287
0,0,[4, 2, 1, 1, 2, 4],[0, 3, 5, 7, 9, 12] | 15100,29200,1.9662,0.0736139117287
0,0,[4, 2, 0, 0, 2, 4],[0, 3, 5, 7, 9, 12] | 14200,25600,1.8492,0.0736139117287
0,0,[4, 1, 4, 4, 1, 4],[0, 3, 5, 7, 9, 12] | 15700,31900,2.0496,0.0736139117287
0,0,[4, 1, 3, 3, 1, 4],[0, 3, 5, 7, 9, 12] | 15400,30900,2.0079,0.0736139117287
0,0,[4, 1, 2, 2, 1, 4],[0, 3, 5, 7, 9, 12] | 15100,29200,1.9662,0.0736139117287
0,0,[4, 1, 1, 1, 1, 4],[0, 3, 5, 7, 9, 12] | 18100,31900,2.3508,0.0736139117287
0,0,[4, 1, 0, 0, 1, 4],[0, 3, 5, 7, 9, 12] | 17200,31900,2.2338,0.0736139117287
0,0,[4, 1, 5, 5, 1, 4],[0, 3, 5, 7, 9, 12] | 16100,31900,2.1052,0.0736139117287
0,0,[4, 0, 4, 4, 0, 4],[0, 3, 5, 7, 9, 12] | 14800,29000,1.9326,0.0736139117287
0,0,[4, 0, 3, 3, 0, 4],[0, 3, 5, 7, 9, 12] | 14500,27300,1.8909,0.0736139117287
0,0,[4, 0, 2, 2, 0, 4],[0, 3, 5, 7, 9, 12] | 14200,25600,1.8492,0.0736139117287
0,0,[4, 0, 1, 1, 0, 4],[0, 3, 5, 7, 9, 12] | 17200,31900,2.2338,0.0736139117287
0,0,[4, 0, 0, 0, 0, 4],[0, 3, 5, 7, 9, 12] | 16300,31900,2.1168,0.0736139117287
0,0,[4, 0, 5, 5, 0, 4],[0, 3, 5, 7, 9, 12] | 15200,31400,1.9882,0.0736139117287
0,0,[4, 5, 1, 1, 5, 4],[0, 3, 5, 7, 9, 12] | 16100,31900,2.1052,0.0736139117287
0,0,[4, 5, 0, 0, 5, 4],[0, 3, 5, 7, 9, 12] | 15200,31400,1.9882,0.0736139117287
0,0,[4, 5, 5, 5, 5, 4],[0, 3, 5, 7, 9, 12] | 14200,31900,1.8596,0.0736139117287
0,0,[3, 3, 1, 1, 3, 3],[0, 3, 5, 7, 9, 12] | 15100,29200,1.9662,0.0736139117287
0,0,[3, 3, 0, 0, 3, 3],[0, 3, 5, 7, 9, 12] | 14200,25600,1.8492,0.0736139117287
0,0,[3, 2, 1, 1, 2, 3],[0, 3, 5, 7, 9, 12] | 14800,27600,1.9245,0.0736139117287
0,0,[3, 1, 3, 3, 1, 3],[0, 3, 5, 7, 9, 12] | 15100,29200,1.9662,0.0736139117287
0,0,[3, 1, 2, 2, 1, 3],[0, 3, 5, 7, 9, 12] | 14800,27600,1.9245,0.0736139117287
0,0,[3, 1, 1, 1, 1, 3],[0, 3, 5, 7, 9, 12] | 17800,31900,2.3091,0.0736139117287
0,0,[3, 1, 0, 0, 1, 3],[0, 3, 5, 7, 9, 12] | 16900,31900,2.1921,0.0736139117287
0,0,[3, 1, 5, 5, 1, 3],[0, 3, 5, 7, 9, 12] | 15800,31900,2.0635,0.0736139117287
0,0,[3, 1, 4, 4, 1, 3],[0, 3, 5, 7, 9, 12] | 15400,30900,2.0079,0.0736139117287
0,0,[3, 0, 3, 3, 0, 3],[0, 3, 5, 7, 9, 12] | 14200,25600,1.8492,0.0736139117287
0,0,[3, 0, 1, 1, 0, 3],[0, 3, 5, 7, 9, 12] | 16900,31900,2.1921,0.0736139117287
0,0,[3, 0, 0, 0, 0, 3],[0, 3, 5, 7, 9, 12] | 16000,31900,2.0751,0.0736139117287
0,0,[3, 0, 5, 5, 0, 3],[0, 3, 5, 7, 9, 12] | 14900,29600,1.9465,0.0736139117287
0,0,[3, 0, 4, 4, 0, 3],[0, 3, 5, 7, 9, 12] | 14500,27300,1.8909,0.0736139117287
0,0,[3, 5, 1, 1, 5, 3],[0, 3, 5, 7, 9, 12] | 15800,31900,2.0635,0.0736139117287
0,0,[3, 5, 0, 0, 5, 3],[0, 3, 5, 7, 9, 12] | 14900,29600,1.9465,0.0736139117287
0,0,[3, 4, 1, 1, 4, 3],[0, 3, 5, 7, 9, 12] | 15400,30900,2.0079,0.0736139117287
0,0,[3, 4, 0, 0, 4, 3],[0, 3, 5, 7, 9, 12] | 14500,27300,1.8909,0.0736139117287
0,0,[2, 2, 1, 1, 2, 2],[0, 3, 5, 7, 9, 12] | 14500,25900,1.8828,0.0736139117287
0,0,[2, 1, 2, 2, 1, 2],[0, 3, 5, 7, 9, 12] | 14500,25900,1.8828,0.0736139117287
0,0,[2, 1, 1, 1, 1, 2],[0, 3, 5, 7, 9, 12] | 17500,31900,2.2674,0.0736139117287
0,0,[2, 1, 0, 0, 1, 2],[0, 3, 5, 7, 9, 12] | 16600,31900,2.1504,0.0736139117287
0,0,[2, 1, 5, 5, 1, 2],[0, 3, 5, 7, 9, 12] | 15500,31400,2.0218,0.0736139117287
0,0,[2, 1, 4, 4, 1, 2],[0, 3, 5, 7, 9, 12] | 15100,29200,1.9662,0.0736139117287
0,0,[2, 1, 3, 3, 1, 2],[0, 3, 5, 7, 9, 12] | 14800,27600,1.9245,0.0736139117287
0,0,[2, 0, 1, 1, 0, 2],[0, 3, 5, 7, 9, 12] | 16600,31900,2.1504,0.0736139117287
0,0,[2, 0, 0, 0, 0, 2],[0, 3, 5, 7, 9, 12] | 15700,31900,2.0334,0.0736139117287
0,0,[2, 0, 5, 5, 0, 2],[0, 3, 5, 7, 9, 12] | 14600,27900,1.9048,0.0736139117287
0,0,[2, 0, 4, 4, 0, 2],[0, 3, 5, 7, 9, 12] | 14200,25600,1.8492,0.0736139117287
0,0,[2, 5, 1, 1, 5, 2],[0, 3, 5, 7, 9, 12] | 15500,31400,2.0218,0.0736139117287
0,0,[2, 5, 0, 0, 5, 2],[0, 3, 5, 7, 9, 12] | 14600,27900,1.9048,0.0736139117287
0,0,[2, 4, 1, 1, 4, 2],[0, 3, 5, 7, 9, 12] | 15100,29200,1.9662,0.0736139117287
0,0,[2, 4, 0, 0, 4, 2],[0, 3, 5, 7, 9, 12] | 14200,25600,1.8492,0.0736139117287
0,0,[2, 3, 1, 1, 3, 2],[0, 3, 5, 7, 9, 12] | 14800,27600,1.9245,0.0736139117287
0,0,[1, 1, 1, 1, 1, 1],[0, 3, 5, 7, 9, 12] | 20500,31900,2.652,0.0736139117287
0,0,[1, 1, 0, 0, 1, 1],[0, 3, 5, 7, 9, 12] | 19600,31900,2.535,0.0736139117287
0,0,[1, 1, 5, 5, 1, 1],[0, 3, 5, 7, 9, 12] | 18500,31900,2.4064,0.0736139117287
0,0,[1, 1, 4, 4, 1, 1],[0, 3, 5, 7, 9, 12] | 18100,31900,2.3508,0.0736139117287
0,0,[1, 1, 3, 3, 1, 1],[0, 3, 5, 7, 9, 12] | 17800,31900,2.3091,0.0736139117287
0,0,[1, 1, 2, 2, 1, 1],[0, 3, 5, 7, 9, 12] | 17500,31900,2.2674,0.0736139117287
0,0,[1, 0, 1, 1, 0, 1],[0, 3, 5, 7, 9, 12] | 19600,31900,2.535,0.0736139117287
0,0,[1, 0, 0, 0, 0, 1],[0, 3, 5, 7, 9, 12] | 18700,31900,2.418,0.0736139117287
0,0,[1, 0, 5, 5, 0, 1],[0, 3, 5, 7, 9, 12] | 17600,31900,2.2894,0.0736139117287
0,0,[1, 0, 4, 4, 0, 1],[0, 3, 5, 7, 9, 12] | 17200,31900,2.2338,0.0736139117287
0,0,[1, 0, 3, 3, 0, 1],[0, 3, 5, 7, 9, 12] | 16900,31900,2.1921,0.0736139117287
0,0,[1, 0, 2, 2, 0, 1],[0, 3, 5, 7, 9, 12] | 16600,31900,2.1504,0.0736139117287
0,0,[1, 5, 1, 1, 5, 1],[0, 3, 5, 7, 9, 12] | 18500,31900,2.4064,0.0736139117287
0,0,[1, 5, 0, 0, 5, 1],[0, 3, 5, 7, 9, 12] | 17600,31900,2.2894,0.0736139117287
0,0,[1, 5, 5, 5, 5, 1],[0, 3, 5, 7, 9, 12] | 16600,31900,2.1608,0.0736139117287
0,0,[1, 5, 4, 4, 5, 1],[0, 3, 5, 7, 9, 12] | 16100,31900,2.1052,0.0736139117287
0,0,[1, 5, 3, 3, 5, 1],[0, 3, 5, 7, 9, 12] | 15800,31900,2.0635,0.0736139117287
0,0,[1, 5, 2, 2, 5, 1],[0, 3, 5, 7, 9, 12] | 15500,31400,2.0218,0.0736139117287
0,0,[1, 4, 1, 1, 4, 1],[0, 3, 5, 7, 9, 12] | 18100,31900,2.3508,0.0736139117287
0,0,[1, 4, 0, 0, 4, 1],[0, 3, 5, 7, 9, 12] | 17200,31900,2.2338,0.0736139117287
0,0,[1, 4, 5, 5, 4, 1],[0, 3, 5, 7, 9, 12] | 16100,31900,2.1052,0.0736139117287
0,0,[1, 4, 4, 4, 4, 1],[0, 3, 5, 7, 9, 12] | 15700,31900,2.0496,0.0736139117287
0,0,[1, 4, 3, 3, 4, 1],[0, 3, 5, 7, 9, 12] | 15400,30900,2.0079,0.0736139117287
0,0,[1, 4, 2, 2, 4, 1],[0, 3, 5, 7, 9, 12] | 15100,29200,1.9662,0.0736139117287
0,0,[1, 3, 1, 1, 3, 1],[0, 3, 5, 7, 9, 12] | 17800,31900,2.3091,0.0736139117287
0,0,[1, 3, 0, 0, 3, 1],[0, 3, 5, 7, 9, 12] | 16900,31900,2.1921,0.0736139117287
0,0,[1, 3, 5, 5, 3, 1],[0, 3, 5, 7, 9, 12] | 15800,31900,2.0635,0.0736139117287
0,0,[1, 3, 4, 4, 3, 1],[0, 3, 5, 7, 9, 12] | 15400,30900,2.0079,0.0736139117287
0,0,[1, 3, 3, 3, 3, 1],[0, 3, 5, 7, 9, 12] | 15100,29200,1.9662,0.0736139117287
0,0,[1, 3, 2, 2, 3, 1],[0, 3, 5, 7, 9, 12] | 14800,27600,1.9245,0.0736139117287
0,0,[1, 2, 1, 1, 2, 1],[0, 3, 5, 7, 9, 12] | 17500,31900,2.2674,0.0736139117287
0,0,[1, 2, 0, 0, 2, 1],[0, 3, 5, 7, 9, 12] | 16600,31900,2.1504,0.0736139117287
0,0,[1, 2, 5, 5, 2, 1],[0, 3, 5, 7, 9, 12] | 15500,31400,2.0218,0.0736139117287
0,0,[1, 2, 4, 4, 2, 1],[0, 3, 5, 7, 9, 12] | 15100,29200,1.9662,0.0736139117287
0,0,[1, 2, 3, 3, 2, 1],[0, 3, 5, 7, 9, 12] | 14800,27600,1.9245,0.0736139117287
0,0,[1, 2, 2, 2, 2, 1],[0, 3, 5, 7, 9, 12] | 14500,25900,1.8828,0.0736139117287
0,0,[0, 0, 0, 0, 0, 0],[0, 3, 5, 7, 9, 12] | 17800,31900,2.301,0.0736139117287
0,0,[0, 0, 1, 1, 0, 0],[0, 3, 5, 7, 9, 12] | 18700,31900,2.418,0.0736139117287
0,0,[0, 0, 2, 2, 0, 0],[0, 3, 5, 7, 9, 12] | 15700,31900,2.0334,0.0736139117287
0,0,[0, 0, 3, 3, 0, 0],[0, 3, 5, 7, 9, 12] | 16000,31900,2.0751,0.0736139117287
0,0,[0, 0, 4, 4, 0, 0],[0, 3, 5, 7, 9, 12] | 16300,31900,2.1168,0.0736139117287
0,0,[0, 0, 5, 5, 0, 0],[0, 3, 5, 7, 9, 12] | 16700,31900,2.1724,0.0736139117287
0,0,[0, 1, 0, 0, 1, 0],[0, 3, 5, 7, 9, 12] | 18700,31900,2.418,0.0736139117287
0,0,[0, 1, 1, 1, 1, 0],[0, 3, 5, 7, 9, 12] | 19600,31900,2.535,0.0736139117287
0,0,[0, 1, 2, 2, 1, 0],[0, 3, 5, 7, 9, 12] | 16600,31900,2.1504,0.0736139117287
0,0,[0, 1, 3, 3, 1, 0],[0, 3, 5, 7, 9, 12] | 16900,31900,2.1921,0.0736139117287
0,0,[0, 1, 4, 4, 1, 0],[0, 3, 5, 7, 9, 12] | 17200,31900,2.2338,0.0736139117287
0,0,[0, 1, 5, 5, 1, 0],[0, 3, 5, 7, 9, 12] | 17600,31900,2.2894,0.0736139117287
0,0,[0, 2, 0, 0, 2, 0],[0, 3, 5, 7, 9, 12] | 15700,31900,2.0334,0.0736139117287
0,0,[0, 2, 1, 1, 2, 0],[0, 3, 5, 7, 9, 12] | 16600,31900,2.1504,0.0736139117287
0,0,[0, 2, 4, 4, 2, 0],[0, 3, 5, 7, 9, 12] | 14200,25600,1.8492,0.0736139117287
0,0,[0, 2, 5, 5, 2, 0],[0, 3, 5, 7, 9, 12] | 14600,27900,1.9048,0.0736139117287
0,0,[0, 3, 0, 0, 3, 0],[0, 3, 5, 7, 9, 12] | 16000,31900,2.0751,0.0736139117287
0,0,[0, 3, 1, 1, 3, 0],[0, 3, 5, 7, 9, 12] | 16900,31900,2.1921,0.0736139117287
0,0,[0, 3, 3, 3, 3, 0],[0, 3, 5, 7, 9, 12] | 14200,25600,1.8492,0.0736139117287
0,0,[0, 3, 4, 4, 3, 0],[0, 3, 5, 7, 9, 12] | 14500,27300,1.8909,0.0736139117287
0,0,[0, 3, 5, 5, 3, 0],[0, 3, 5, 7, 9, 12] | 14900,29600,1.9465,0.0736139117287
0,0,[0, 4, 0, 0, 4, 0],[0, 3, 5, 7, 9, 12] | 16300,31900,2.1168,0.0736139117287
0,0,[0, 4, 1, 1, 4, 0],[0, 3, 5, 7, 9, 12] | 17200,31900,2.2338,0.0736139117287
0,0,[0, 4, 2, 2, 4, 0],[0, 3, 5, 7, 9, 12] | 14200,25600,1.8492,0.0736139117287
0,0,[0, 4, 3, 3, 4, 0],[0, 3, 5, 7, 9, 12] | 14500,27300,1.8909,0.0736139117287
0,0,[0, 4, 4, 4, 4, 0],[0, 3, 5, 7, 9, 12] | 14800,29000,1.9326,0.0736139117287
0,0,[0, 4, 5, 5, 4, 0],[0, 3, 5, 7, 9, 12] | 15200,31400,1.9882,0.0736139117287
0,0,[0, 5, 0, 0, 5, 0],[0, 3, 5, 7, 9, 12] | 16700,31900,2.1724,0.0736139117287
0,0,[0, 5, 1, 1, 5, 0],[0, 3, 5, 7, 9, 12] | 17600,31900,2.2894,0.0736139117287
0,0,[0, 5, 2, 2, 5, 0],[0, 3, 5, 7, 9, 12] | 14600,27900,1.9048,0.0736139117287
0,0,[0, 5, 3, 3, 5, 0],[0, 3, 5, 7, 9, 12] | 14900,29600,1.9465,0.0736139117287
0,0,[0, 5, 4, 4, 5, 0],[0, 3, 5, 7, 9, 12] | 15200,31400,1.9882,0.0736139117287
0,0,[0, 5, 5, 5, 5, 0],[0, 3, 5, 7, 9, 12] | 15700,31900,2.0438,0.0736139117287
0,0,[5, 5, 5, 5, 5, 5, 5],[0, 2, 4, 6, 8, 10, 12] | 15400,31900,2.0264,0.0736139117287
0,0,[5, 5, 5, 4, 5, 5, 5],[0, 2, 4, 6, 8, 10, 12] | 15200,31900,1.9986,0.0736139117287
0,0,[5, 5, 5, 3, 5, 5, 5],[0, 2, 4, 6, 8, 10, 12] | 15100,31900,1.97775,0.0736139117287
0,0,[5, 5, 5, 2, 5, 5, 5],[0, 2, 4, 6, 8, 10, 12] | 14900,31900,1.9569,0.0736139117287
0,0,[5, 5, 5, 1, 5, 5, 5],[0, 2, 4, 6, 8, 10, 12] | 16400,31900,2.1492,0.0736139117287
0,0,[5, 5, 5, 0, 5, 5, 5],[0, 2, 4, 6, 8, 10, 12] | 16000,31900,2.0907,0.0736139117287
0,0,[5, 5, 4, 5, 4, 5, 5],[0, 2, 4, 6, 8, 10, 12] | 15000,31900,1.9708,0.0736139117287
0,0,[5, 5, 4, 4, 4, 5, 5],[0, 2, 4, 6, 8, 10, 12] | 14800,31900,1.943,0.0736139117287
0,0,[5, 5, 4, 3, 4, 5, 5],[0, 2, 4, 6, 8, 10, 12] | 14700,31900,1.92215,0.0736139117287
0,0,[5, 5, 4, 2, 4, 5, 5],[0, 2, 4, 6, 8, 10, 12] | 14500,31900,1.9013,0.0736139117287
0,0,[5, 5, 4, 1, 4, 5, 5],[0, 2, 4, 6, 8, 10, 12] | 16000,31900,2.0936,0.0736139117287
0,0,[5, 5, 4, 0, 4, 5, 5],[0, 2, 4, 6, 8, 10, 12] | 15600,31900,2.0351,0.0736139117287
0,0,[5, 5, 3, 5, 3, 5, 5],[0, 2, 4, 6, 8, 10, 12] | 14700,31900,1.9291,0.0736139117287
0,0,[5, 5, 3, 4, 3, 5, 5],[0, 2, 4, 6, 8, 10, 12] | 14500,31900,1.9013,0.0736139117287
0,0,[5, 5, 3, 3, 3, 5, 5],[0, 2, 4, 6, 8, 10, 12] | 14400,31900,1.88045,0.0736139117287
0,0,[5, 5, 3, 2, 3, 5, 5],[0, 2, 4, 6, 8, 10, 12] | 14200,31900,1.8596,0.0736139117287
0,0,[5, 5, 3, 1, 3, 5, 5],[0, 2, 4, 6, 8, 10, 12] | 15700,31900,2.0519,0.0736139117287
0,0,[5, 5, 3, 0, 3, 5, 5],[0, 2, 4, 6, 8, 10, 12] | 15200,31900,1.9934,0.0736139117287
0,0,[5, 5, 2, 5, 2, 5, 5],[0, 2, 4, 6, 8, 10, 12] | 14400,31900,1.8874,0.0736139117287
0,0,[5, 5, 2, 4, 2, 5, 5],[0, 2, 4, 6, 8, 10, 12] | 14200,31900,1.8596,0.0736139117287
0,0,[5, 5, 2, 1, 2, 5, 5],[0, 2, 4, 6, 8, 10, 12] | 15400,31900,2.0102,0.0736139117287
0,0,[5, 5, 2, 0, 2, 5, 5],[0, 2, 4, 6, 8, 10, 12] | 14900,31900,1.9517,0.0736139117287
0,0,[5, 5, 1, 5, 1, 5, 5],[0, 2, 4, 6, 8, 10, 12] | 17400,31900,2.272,0.0736139117287
0,0,[5, 5, 1, 4, 1, 5, 5],[0, 2, 4, 6, 8, 10, 12] | 17200,31900,2.2442,0.0736139117287
0,0,[5, 5, 1, 3, 1, 5, 5],[0, 2, 4, 6, 8, 10, 12] | 17000,31900,2.22335,0.0736139117287
0,0,[5, 5, 1, 2, 1, 5, 5],[0, 2, 4, 6, 8, 10, 12] | 16900,31900,2.2025,0.0736139117287
0,0,[5, 5, 1, 1, 1, 5, 5],[0, 2, 4, 6, 8, 10, 12] | 18400,31900,2.3948,0.0736139117287
0,0,[5, 5, 1, 0, 1, 5, 5],[0, 2, 4, 6, 8, 10, 12] | 17900,31900,2.3363,0.0736139117287
0,0,[5, 5, 0, 5, 0, 5, 5],[0, 2, 4, 6, 8, 10, 12] | 16500,31900,2.155,0.0736139117287
0,0,[5, 5, 0, 4, 0, 5, 5],[0, 2, 4, 6, 8, 10, 12] | 16300,31900,2.1272,0.0736139117287
0,0,[5, 5, 0, 3, 0, 5, 5],[0, 2, 4, 6, 8, 10, 12] | 16100,31900,2.10635,0.0736139117287
0,0,[5, 5, 0, 2, 0, 5, 5],[0, 2, 4, 6, 8, 10, 12] | 16000,31900,2.0855,0.0736139117287
0,0,[5, 5, 0, 1, 0, 5, 5],[0, 2, 4, 6, 8, 10, 12] | 17500,31900,2.2778,0.0736139117287
0,0,[5, 5, 0, 0, 0, 5, 5],[0, 2, 4, 6, 8, 10, 12] | 17000,31900,2.2193,0.0736139117287
0,0,[5, 4, 5, 5, 5, 4, 5],[0, 2, 4, 6, 8, 10, 12] | 15000,31900,1.9708,0.0736139117287
0,0,[5, 4, 5, 4, 5, 4, 5],[0, 2, 4, 6, 8, 10, 12] | 14800,31900,1.943,0.0736139117287
0,0,[5, 4, 5, 3, 5, 4, 5],[0, 2, 4, 6, 8, 10, 12] | 14700,31900,1.92215,0.0736139117287
0,0,[5, 4, 5, 2, 5, 4, 5],[0, 2, 4, 6, 8, 10, 12] | 14500,31900,1.9013,0.0736139117287
0,0,[5, 4, 5, 1, 5, 4, 5],[0, 2, 4, 6, 8, 10, 12] | 16000,31900,2.0936,0.0736139117287
0,0,[5, 4, 5, 0, 5, 4, 5],[0, 2, 4, 6, 8, 10, 12] | 15600,31900,2.0351,0.0736139117287
0,0,[5, 4, 4, 5, 4, 4, 5],[0, 2, 4, 6, 8, 10, 12] | 14600,31900,1.9152,0.0736139117287
0,0,[5, 4, 4, 4, 4, 4, 5],[0, 2, 4, 6, 8, 10, 12] | 14400,31900,1.8874,0.0736139117287
0,0,[5, 4, 4, 3, 4, 4, 5],[0, 2, 4, 6, 8, 10, 12] | 14300,31900,1.86655,0.0736139117287
0,0,[5, 4, 4, 2, 4, 4, 5],[0, 2, 4, 6, 8, 10, 12] | 14100,31900,1.8457,0.0736139117287
0,0,[5, 4, 4, 1, 4, 4, 5],[0, 2, 4, 6, 8, 10, 12] | 15600,31900,2.038,0.0736139117287
0,0,[5, 4, 4, 0, 4, 4, 5],[0, 2, 4, 6, 8, 10, 12] | 15100,31900,1.9795,0.0736139117287
0,0,[5, 4, 3, 5, 3, 4, 5],[0, 2, 4, 6, 8, 10, 12] | 14300,31900,1.8735,0.0736139117287
0,0,[5, 4, 3, 4, 3, 4, 5],[0, 2, 4, 6, 8, 10, 12] | 14100,31900,1.8457,0.0736139117287
0,0,[5, 4, 3, 1, 3, 4, 5],[0, 2, 4, 6, 8, 10, 12] | 15300,30100,1.9963,0.0736139117287
0,0,[5, 4, 3, 0, 3, 4, 5],[0, 2, 4, 6, 8, 10, 12] | 14800,29000,1.9378,0.0736139117287
0,0,[5, 4, 2, 1, 2, 4, 5],[0, 2, 4, 6, 8, 10, 12] | 15000,28900,1.9546,0.0736139117287
0,0,[5, 4, 2, 0, 2, 4, 5],[0, 2, 4, 6, 8, 10, 12] | 14500,28900,1.8961,0.0736139117287
0,0,[5, 4, 1, 5, 1, 4, 5],[0, 2, 4, 6, 8, 10, 12] | 17000,31900,2.2164,0.0736139117287
0,0,[5, 4, 1, 4, 1, 4, 5],[0, 2, 4, 6, 8, 10, 12] | 16800,31900,2.1886,0.0736139117287
0,0,[5, 4, 1, 3, 1, 4, 5],[0, 2, 4, 6, 8, 10, 12] | 16600,31900,2.16775,0.0736139117287
0,0,[5, 4, 1, 2, 1, 4, 5],[0, 2, 4, 6, 8, 10, 12] | 16500,31900,2.1469,0.0736139117287
0,0,[5, 4, 1, 1, 1, 4, 5],[0, 2, 4, 6, 8, 10, 12] | 17900,31900,2.3392,0.0736139117287
0,0,[5, 4, 1, 0, 1, 4, 5],[0, 2, 4, 6, 8, 10, 12] | 17500,31900,2.2807,0.0736139117287
0,0,[5, 4, 0, 5, 0, 4, 5],[0, 2, 4, 6, 8, 10, 12] | 16100,31900,2.0994,0.0736139117287
0,0,[5, 4, 0, 4, 0, 4, 5],[0, 2, 4, 6, 8, 10, 12] | 15900,31900,2.0716,0.0736139117287
0,0,[5, 4, 0, 3, 0, 4, 5],[0, 2, 4, 6, 8, 10, 12] | 15700,31900,2.05075,0.0736139117287
0,0,[5, 4, 0, 2, 0, 4, 5],[0, 2, 4, 6, 8, 10, 12] | 15600,31900,2.0299,0.0736139117287
0,0,[5, 4, 0, 1, 0, 4, 5],[0, 2, 4, 6, 8, 10, 12] | 17000,31900,2.2222,0.0736139117287
0,0,[5, 4, 0, 0, 0, 4, 5],[0, 2, 4, 6, 8, 10, 12] | 16600,31900,2.1637,0.0736139117287
0,0,[5, 3, 5, 5, 5, 3, 5],[0, 2, 4, 6, 8, 10, 12] | 14700,31900,1.9291,0.0736139117287
0,0,[5, 3, 5, 4, 5, 3, 5],[0, 2, 4, 6, 8, 10, 12] | 14500,31900,1.9013,0.0736139117287
0,0,[5, 3, 5, 3, 5, 3, 5],[0, 2, 4, 6, 8, 10, 12] | 14400,31900,1.88045,0.0736139117287
0,0,[5, 3, 5, 2, 5, 3, 5],[0, 2, 4, 6, 8, 10, 12] | 14200,31900,1.8596,0.0736139117287
0,0,[5, 3, 5, 1, 5, 3, 5],[0, 2, 4, 6, 8, 10, 12] | 15700,31900,2.0519,0.0736139117287
0,0,[5, 3, 5, 0, 5, 3, 5],[0, 2, 4, 6, 8, 10, 12] | 15200,31900,1.9934,0.0736139117287
0,0,[5, 3, 4, 5, 4, 3, 5],[0, 2, 4, 6, 8, 10, 12] | 14300,31900,1.8735,0.0736139117287
0,0,[5, 3, 4, 4, 4, 3, 5],[0, 2, 4, 6, 8, 10, 12] | 14100,31900,1.8457,0.0736139117287
0,0,[5, 3, 4, 1, 4, 3, 5],[0, 2, 4, 6, 8, 10, 12] | 15300,30100,1.9963,0.0736139117287
0,0,[5, 3, 4, 0, 4, 3, 5],[0, 2, 4, 6, 8, 10, 12] | 14800,29000,1.9378,0.0736139117287
0,0,[5, 3, 3, 1, 3, 3, 5],[0, 2, 4, 6, 8, 10, 12] | 15000,28400,1.9546,0.0736139117287
0,0,[5, 3, 3, 0, 3, 3, 5],[0, 2, 4, 6, 8, 10, 12] | 14500,27300,1.8961,0.0736139117287
0,0,[5, 3, 2, 1, 2, 3, 5],[0, 2, 4, 6, 8, 10, 12] | 14700,26800,1.9129,0.0736139117287
0,0,[5, 3, 2, 0, 2, 3, 5],[0, 2, 4, 6, 8, 10, 12] | 14200,25500,1.8544,0.0736139117287
0,0,[5, 3, 1, 5, 1, 3, 5],[0, 2, 4, 6, 8, 10, 12] | 16700,31900,2.1747,0.0736139117287
0,0,[5, 3, 1, 4, 1, 3, 5],[0, 2, 4, 6, 8, 10, 12] | 16500,31900,2.1469,0.0736139117287
0,0,[5, 3, 1, 3, 1, 3, 5],[0, 2, 4, 6, 8, 10, 12] | 16300,31900,2.12605,0.0736139117287
0,0,[5, 3, 1, 2, 1, 3, 5],[0, 2, 4, 6, 8, 10, 12] | 16100,31900,2.1052,0.0736139117287
0,0,[5, 3, 1, 1, 1, 3, 5],[0, 2, 4, 6, 8, 10, 12] | 17600,31900,2.2975,0.0736139117287
0,0,[5, 3, 1, 0, 1, 3, 5],[0, 2, 4, 6, 8, 10, 12] | 17200,31900,2.239,0.0736139117287
0,0,[5, 3, 0, 5, 0, 3, 5],[0, 2, 4, 6, 8, 10, 12] | 15800,31900,2.0577,0.0736139117287
0,0,[5, 3, 0, 4, 0, 3, 5],[0, 2, 4, 6, 8, 10, 12] | 15600,31900,2.0299,0.0736139117287
0,0,[5, 3, 0, 3, 0, 3, 5],[0, 2, 4, 6, 8, 10, 12] | 15400,31900,2.00905,0.0736139117287
0,0,[5, 3, 0, 2, 0, 3, 5],[0, 2, 4, 6, 8, 10, 12] | 15200,31400,1.9882,0.0736139117287
0,0,[5, 3, 0, 1, 0, 3, 5],[0, 2, 4, 6, 8, 10, 12] | 16700,31900,2.1805,0.0736139117287
0,0,[5, 3, 0, 0, 0, 3, 5],[0, 2, 4, 6, 8, 10, 12] | 16300,31900,2.122,0.0736139117287
0,0,[5, 2, 5, 5, 5, 2, 5],[0, 2, 4, 6, 8, 10, 12] | 14400,31900,1.8874,0.0736139117287
0,0,[5, 2, 5, 4, 5, 2, 5],[0, 2, 4, 6, 8, 10, 12] | 14200,31900,1.8596,0.0736139117287
0,0,[5, 2, 5, 1, 5, 2, 5],[0, 2, 4, 6, 8, 10, 12] | 15400,31900,2.0102,0.0736139117287
0,0,[5, 2, 5, 0, 5, 2, 5],[0, 2, 4, 6, 8, 10, 12] | 14900,31900,1.9517,0.0736139117287
0,0,[5, 2, 4, 1, 4, 2, 5],[0, 2, 4, 6, 8, 10, 12] | 15000,28900,1.9546,0.0736139117287
0,0,[5, 2, 4, 0, 4, 2, 5],[0, 2, 4, 6, 8, 10, 12] | 14500,28900,1.8961,0.0736139117287
0,0,[5, 2, 3, 1, 3, 2, 5],[0, 2, 4, 6, 8, 10, 12] | 14700,26800,1.9129,0.0736139117287
0,0,[5, 2, 3, 0, 3, 2, 5],[0, 2, 4, 6, 8, 10, 12] | 14200,25500,1.8544,0.0736139117287
0,0,[5, 2, 2, 1, 2, 2, 5],[0, 2, 4, 6, 8, 10, 12] | 14300,25100,1.8712,0.0736139117287
0,0,[5, 2, 1, 5, 1, 2, 5],[0, 2, 4, 6, 8, 10, 12] | 16400,31900,2.133,0.0736139117287
0,0,[5, 2, 1, 4, 1, 2, 5],[0, 2, 4, 6, 8, 10, 12] | 16100,31900,2.1052,0.0736139117287
0,0,[5, 2, 1, 3, 1, 2, 5],[0, 2, 4, 6, 8, 10, 12] | 16000,31900,2.08435,0.0736139117287
0,0,[5, 2, 1, 2, 1, 2, 5],[0, 2, 4, 6, 8, 10, 12] | 15800,31900,2.0635,0.0736139117287
0,0,[5, 2, 1, 1, 1, 2, 5],[0, 2, 4, 6, 8, 10, 12] | 17300,31900,2.2558,0.0736139117287
0,0,[5, 2, 1, 0, 1, 2, 5],[0, 2, 4, 6, 8, 10, 12] | 16900,31900,2.1973,0.0736139117287
0,0,[5, 2, 0, 5, 0, 2, 5],[0, 2, 4, 6, 8, 10, 12] | 15500,31900,2.016,0.0736139117287
0,0,[5, 2, 0, 4, 0, 2, 5],[0, 2, 4, 6, 8, 10, 12] | 15200,31400,1.9882,0.0736139117287
0,0,[5, 2, 0, 3, 0, 2, 5],[0, 2, 4, 6, 8, 10, 12] | 15100,30500,1.96735,0.0736139117287
0,0,[5, 2, 0, 2, 0, 2, 5],[0, 2, 4, 6, 8, 10, 12] | 14900,29600,1.9465,0.0736139117287
0,0,[5, 2, 0, 1, 0, 2, 5],[0, 2, 4, 6, 8, 10, 12] | 16400,31900,2.1388,0.0736139117287
0,0,[5, 2, 0, 0, 0, 2, 5],[0, 2, 4, 6, 8, 10, 12] | 16000,31900,2.0803,0.0736139117287
0,0,[5, 1, 5, 5, 5, 1, 5],[0, 2, 4, 6, 8, 10, 12] | 17400,31900,2.272,0.0736139117287
0,0,[5, 1, 5, 4, 5, 1, 5],[0, 2, 4, 6, 8, 10, 12] | 17200,31900,2.2442,0.0736139117287
0,0,[5, 1, 5, 3, 5, 1, 5],[0, 2, 4, 6, 8, 10, 12] | 17000,31900,2.22335,0.0736139117287
0,0,[5, 1, 5, 2, 5, 1, 5],[0, 2, 4, 6, 8, 10, 12] | 16900,31900,2.2025,0.0736139117287
0,0,[5, 1, 5, 1, 5, 1, 5],[0, 2, 4, 6, 8, 10, 12] | 18400,31900,2.3948,0.0736139117287
0,0,[5, 1, 5, 0, 5, 1, 5],[0, 2, 4, 6, 8, 10, 12] | 17900,31900,2.3363,0.0736139117287
0,0,[5, 1, 4, 5, 4, 1, 5],[0, 2, 4, 6, 8, 10, 12] | 17000,31900,2.2164,0.0736139117287
0,0,[5, 1, 4, 4, 4, 1, 5],[0, 2, 4, 6, 8, 10, 12] | 16800,31900,2.1886,0.0736139117287
0,0,[5, 1, 4, 3, 4, 1, 5],[0, 2, 4, 6, 8, 10, 12] | 16600,31900,2.16775,0.0736139117287
0,0,[5, 1, 4, 2, 4, 1, 5],[0, 2, 4, 6, 8, 10, 12] | 16500,31900,2.1469,0.0736139117287
0,0,[5, 1, 4, 1, 4, 1, 5],[0, 2, 4, 6, 8, 10, 12] | 17900,31900,2.3392,0.0736139117287
0,0,[5, 1, 4, 0, 4, 1, 5],[0, 2, 4, 6, 8, 10, 12] | 17500,31900,2.2807,0.0736139117287
0,0,[5, 1, 3, 5, 3, 1, 5],[0, 2, 4, 6, 8, 10, 12] | 16700,31900,2.1747,0.0736139117287
0,0,[5, 1, 3, 4, 3, 1, 5],[0, 2, 4, 6, 8, 10, 12] | 16500,31900,2.1469,0.0736139117287
0,0,[5, 1, 3, 3, 3, 1, 5],[0, 2, 4, 6, 8, 10, 12] | 16300,31900,2.12605,0.0736139117287
0,0,[5, 1, 3, 2, 3, 1, 5],[0, 2, 4, 6, 8, 10, 12] | 16100,31900,2.1052,0.0736139117287
0,0,[5, 1, 3, 1, 3, 1, 5],[0, 2, 4, 6, 8, 10, 12] | 17600,31900,2.2975,0.0736139117287
0,0,[5, 1, 3, 0, 3, 1, 5],[0, 2, 4, 6, 8, 10, 12] | 17200,31900,2.239,0.0736139117287
0,0,[5, 1, 2, 5, 2, 1, 5],[0, 2, 4, 6, 8, 10, 12] | 16400,31900,2.133,0.0736139117287
0,0,[5, 1, 2, 4, 2, 1, 5],[0, 2, 4, 6, 8, 10, 12] | 16100,31900,2.1052,0.0736139117287
0,0,[5, 1, 2, 3, 2, 1, 5],[0, 2, 4, 6, 8, 10, 12] | 16000,31900,2.08435,0.0736139117287
0,0,[5, 1, 2, 2, 2, 1, 5],[0, 2, 4, 6, 8, 10, 12] | 15800,31900,2.0635,0.0736139117287
0,0,[5, 1, 2, 1, 2, 1, 5],[0, 2, 4, 6, 8, 10, 12] | 17300,31900,2.2558,0.0736139117287
0,0,[5, 1, 2, 0, 2, 1, 5],[0, 2, 4, 6, 8, 10, 12] | 16900,31900,2.1973,0.0736139117287
0,0,[5, 1, 1, 5, 1, 1, 5],[0, 2, 4, 6, 8, 10, 12] | 19300,31900,2.5176,0.0736139117287
0,0,[5, 1, 1, 4, 1, 1, 5],[0, 2, 4, 6, 8, 10, 12] | 19100,31900,2.4898,0.0736139117287
0,0,[5, 1, 1, 3, 1, 1, 5],[0, 2, 4, 6, 8, 10, 12] | 19000,31900,2.46895,0.0736139117287
0,0,[5, 1, 1, 2, 1, 1, 5],[0, 2, 4, 6, 8, 10, 12] | 18800,31900,2.4481,0.0736139117287
0,0,[5, 1, 1, 1, 1, 1, 5],[0, 2, 4, 6, 8, 10, 12] | 20300,31900,2.6404,0.0736139117287
0,0,[5, 1, 1, 0, 1, 1, 5],[0, 2, 4, 6, 8, 10, 12] | 19900,31900,2.5819,0.0736139117287
0,0,[5, 1, 0, 5, 0, 1, 5],[0, 2, 4, 6, 8, 10, 12] | 18400,31900,2.4006,0.0736139117287
0,0,[5, 1, 0, 4, 0, 1, 5],[0, 2, 4, 6, 8, 10, 12] | 18200,31900,2.3728,0.0736139117287
0,0,[5, 1, 0, 3, 0, 1, 5],[0, 2, 4, 6, 8, 10, 12] | 18100,31900,2.35195,0.0736139117287
0,0,[5, 1, 0, 2, 0, 1, 5],[0, 2, 4, 6, 8, 10, 12] | 17900,31900,2.3311,0.0736139117287
0,0,[5, 1, 0, 1, 0, 1, 5],[0, 2, 4, 6, 8, 10, 12] | 19400,31900,2.5234,0.0736139117287
0,0,[5, 1, 0, 0, 0, 1, 5],[0, 2, 4, 6, 8, 10, 12] | 19000,31900,2.4649,0.0736139117287
0,0,[5, 0, 5, 5, 5, 0, 5],[0, 2, 4, 6, 8, 10, 12] | 16500,31900,2.155,0.0736139117287
0,0,[5, 0, 5, 4, 5, 0, 5],[0, 2, 4, 6, 8, 10, 12] | 16300,31900,2.1272,0.0736139117287
0,0,[5, 0, 5, 3, 5, 0, 5],[0, 2, 4, 6, 8, 10, 12] | 16100,31900,2.10635,0.0736139117287
0,0,[5, 0, 5, 2, 5, 0, 5],[0, 2, 4, 6, 8, 10, 12] | 16000,31900,2.0855,0.0736139117287
0,0,[5, 0, 5, 1, 5, 0, 5],[0, 2, 4, 6, 8, 10, 12] | 17500,31900,2.2778,0.0736139117287
0,0,[5, 0, 5, 0, 5, 0, 5],[0, 2, 4, 6, 8, 10, 12] | 17000,31900,2.2193,0.0736139117287
0,0,[5, 0, 4, 5, 4, 0, 5],[0, 2, 4, 6, 8, 10, 12] | 16100,31900,2.0994,0.0736139117287
0,0,[5, 0, 4, 4, 4, 0, 5],[0, 2, 4, 6, 8, 10, 12] | 15900,31900,2.0716,0.0736139117287
0,0,[5, 0, 4, 3, 4, 0, 5],[0, 2, 4, 6, 8, 10, 12] | 15700,31900,2.05075,0.0736139117287
0,0,[5, 0, 4, 2, 4, 0, 5],[0, 2, 4, 6, 8, 10, 12] | 15600,31900,2.0299,0.0736139117287
0,0,[5, 0, 4, 1, 4, 0, 5],[0, 2, 4, 6, 8, 10, 12] | 17000,31900,2.2222,0.0736139117287
0,0,[5, 0, 4, 0, 4, 0, 5],[0, 2, 4, 6, 8, 10, 12] | 16600,31900,2.1637,0.0736139117287
0,0,[5, 0, 3, 5, 3, 0, 5],[0, 2, 4, 6, 8, 10, 12] | 15800,31900,2.0577,0.0736139117287
0,0,[5, 0, 3, 4, 3, 0, 5],[0, 2, 4, 6, 8, 10, 12] | 15600,31900,2.0299,0.0736139117287
0,0,[5, 0, 3, 3, 3, 0, 5],[0, 2, 4, 6, 8, 10, 12] | 15400,31900,2.00905,0.0736139117287
0,0,[5, 0, 3, 2, 3, 0, 5],[0, 2, 4, 6, 8, 10, 12] | 15200,31400,1.9882,0.0736139117287
0,0,[5, 0, 3, 1, 3, 0, 5],[0, 2, 4, 6, 8, 10, 12] | 16700,31900,2.1805,0.0736139117287
0,0,[5, 0, 3, 0, 3, 0, 5],[0, 2, 4, 6, 8, 10, 12] | 16300,31900,2.122,0.0736139117287
0,0,[5, 0, 2, 5, 2, 0, 5],[0, 2, 4, 6, 8, 10, 12] | 15500,31900,2.016,0.0736139117287
0,0,[5, 0, 2, 4, 2, 0, 5],[0, 2, 4, 6, 8, 10, 12] | 15200,31400,1.9882,0.0736139117287
0,0,[5, 0, 2, 3, 2, 0, 5],[0, 2, 4, 6, 8, 10, 12] | 15100,30500,1.96735,0.0736139117287
0,0,[5, 0, 2, 2, 2, 0, 5],[0, 2, 4, 6, 8, 10, 12] | 14900,29600,1.9465,0.0736139117287
0,0,[5, 0, 2, 1, 2, 0, 5],[0, 2, 4, 6, 8, 10, 12] | 16400,31900,2.1388,0.0736139117287
0,0,[5, 0, 2, 0, 2, 0, 5],[0, 2, 4, 6, 8, 10, 12] | 16000,31900,2.0803,0.0736139117287
0,0,[5, 0, 1, 5, 1, 0, 5],[0, 2, 4, 6, 8, 10, 12] | 18400,31900,2.4006,0.0736139117287
0,0,[5, 0, 1, 4, 1, 0, 5],[0, 2, 4, 6, 8, 10, 12] | 18200,31900,2.3728,0.0736139117287
0,0,[5, 0, 1, 3, 1, 0, 5],[0, 2, 4, 6, 8, 10, 12] | 18100,31900,2.35195,0.0736139117287
0,0,[5, 0, 1, 2, 1, 0, 5],[0, 2, 4, 6, 8, 10, 12] | 17900,31900,2.3311,0.0736139117287
0,0,[5, 0, 1, 1, 1, 0, 5],[0, 2, 4, 6, 8, 10, 12] | 19400,31900,2.5234,0.0736139117287
0,0,[5, 0, 1, 0, 1, 0, 5],[0, 2, 4, 6, 8, 10, 12] | 19000,31900,2.4649,0.0736139117287
0,0,[5, 0, 0, 5, 0, 0, 5],[0, 2, 4, 6, 8, 10, 12] | 17500,31900,2.2836,0.0736139117287
0,0,[5, 0, 0, 4, 0, 0, 5],[0, 2, 4, 6, 8, 10, 12] | 17300,31900,2.2558,0.0736139117287
0,0,[5, 0, 0, 3, 0, 0, 5],[0, 2, 4, 6, 8, 10, 12] | 17200,31900,2.23495,0.0736139117287
0,0,[5, 0, 0, 2, 0, 0, 5],[0, 2, 4, 6, 8, 10, 12] | 17000,31900,2.2141,0.0736139117287
0,0,[5, 0, 0, 1, 0, 0, 5],[0, 2, 4, 6, 8, 10, 12] | 18500,31900,2.4064,0.0736139117287
0,0,[5, 0, 0, 0, 0, 0, 5],[0, 2, 4, 6, 8, 10, 12] | 18100,31900,2.3479,0.0736139117287
0,0,[4, 4, 4, 1, 4, 4, 4],[0, 2, 4, 6, 8, 10, 12] | 15200,31900,1.9824,0.0736139117287
0,0,[4, 4, 4, 0, 4, 4, 4],[0, 2, 4, 6, 8, 10, 12] | 14700,31900,1.9239,0.0736139117287
0,0,[4, 4, 4, 5, 4, 4, 4],[0, 2, 4, 6, 8, 10, 12] | 14200,31900,1.8596,0.0736139117287
0,0,[4, 4, 3, 1, 3, 4, 4],[0, 2, 4, 6, 8, 10, 12] | 14900,27900,1.9407,0.0736139117287
0,0,[4, 4, 3, 0, 3, 4, 4],[0, 2, 4, 6, 8, 10, 12] | 14400,26700,1.8822,0.0736139117287
0,0,[4, 4, 2, 1, 2, 4, 4],[0, 2, 4, 6, 8, 10, 12] | 14600,26200,1.899,0.0736139117287
0,0,[4, 4, 2, 0, 2, 4, 4],[0, 2, 4, 6, 8, 10, 12] | 14100,25600,1.8405,0.0736139117287
0,0,[4, 4, 1, 4, 1, 4, 4],[0, 2, 4, 6, 8, 10, 12] | 16400,31900,2.133,0.0736139117287
0,0,[4, 4, 1, 3, 1, 4, 4],[0, 2, 4, 6, 8, 10, 12] | 16200,31900,2.11215,0.0736139117287
0,0,[4, 4, 1, 2, 1, 4, 4],[0, 2, 4, 6, 8, 10, 12] | 16000,31900,2.0913,0.0736139117287
0,0,[4, 4, 1, 1, 1, 4, 4],[0, 2, 4, 6, 8, 10, 12] | 17500,31900,2.2836,0.0736139117287
0,0,[4, 4, 1, 0, 1, 4, 4],[0, 2, 4, 6, 8, 10, 12] | 17100,31900,2.2251,0.0736139117287
0,0,[4, 4, 1, 5, 1, 4, 4],[0, 2, 4, 6, 8, 10, 12] | 16600,31900,2.1608,0.0736139117287
0,0,[4, 4, 0, 4, 0, 4, 4],[0, 2, 4, 6, 8, 10, 12] | 15500,31900,2.016,0.0736139117287
0,0,[4, 4, 0, 3, 0, 4, 4],[0, 2, 4, 6, 8, 10, 12] | 15300,31700,1.99515,0.0736139117287
0,0,[4, 4, 0, 2, 0, 4, 4],[0, 2, 4, 6, 8, 10, 12] | 15100,30800,1.9743,0.0736139117287
0,0,[4, 4, 0, 1, 0, 4, 4],[0, 2, 4, 6, 8, 10, 12] | 16600,31900,2.1666,0.0736139117287
0,0,[4, 4, 0, 0, 0, 4, 4],[0, 2, 4, 6, 8, 10, 12] | 16200,31900,2.1081,0.0736139117287
0,0,[4, 4, 0, 5, 0, 4, 4],[0, 2, 4, 6, 8, 10, 12] | 15700,31900,2.0438,0.0736139117287
0,0,[4, 4, 5, 4, 5, 4, 4],[0, 2, 4, 6, 8, 10, 12] | 14400,31900,1.8874,0.0736139117287
0,0,[4, 4, 5, 3, 5, 4, 4],[0, 2, 4, 6, 8, 10, 12] | 14300,31900,1.86655,0.0736139117287
0,0,[4, 4, 5, 2, 5, 4, 4],[0, 2, 4, 6, 8, 10, 12] | 14100,31900,1.8457,0.0736139117287
0,0,[4, 4, 5, 1, 5, 4, 4],[0, 2, 4, 6, 8, 10, 12] | 15600,31900,2.038,0.0736139117287
0,0,[4, 4, 5, 0, 5, 4, 4],[0, 2, 4, 6, 8, 10, 12] | 15100,31900,1.9795,0.0736139117287
0,0,[4, 4, 5, 5, 5, 4, 4],[0, 2, 4, 6, 8, 10, 12] | 14600,31900,1.9152,0.0736139117287
0,0,[4, 3, 4, 1, 4, 3, 4],[0, 2, 4, 6, 8, 10, 12] | 14900,27900,1.9407,0.0736139117287
0,0,[4, 3, 4, 0, 4, 3, 4],[0, 2, 4, 6, 8, 10, 12] | 14400,26700,1.8822,0.0736139117287
0,0,[4, 3, 3, 1, 3, 3, 4],[0, 2, 4, 6, 8, 10, 12] | 14600,26200,1.899,0.0736139117287
0,0,[4, 3, 3, 0, 3, 3, 4],[0, 2, 4, 6, 8, 10, 12] | 14100,25000,1.8405,0.0736139117287
0,0,[4, 3, 2, 1, 2, 3, 4],[0, 2, 4, 6, 8, 10, 12] | 14200,24600,1.8573,0.0736139117287
0,0,[4, 3, 1, 4, 1, 3, 4],[0, 2, 4, 6, 8, 10, 12] | 16000,31900,2.0913,0.0736139117287
0,0,[4, 3, 1, 3, 1, 3, 4],[0, 2, 4, 6, 8, 10, 12] | 15900,31900,2.07045,0.0736139117287
0,0,[4, 3, 1, 2, 1, 3, 4],[0, 2, 4, 6, 8, 10, 12] | 15700,31900,2.0496,0.0736139117287
0,0,[4, 3, 1, 1, 1, 3, 4],[0, 2, 4, 6, 8, 10, 12] | 17200,31900,2.2419,0.0736139117287
0,0,[4, 3, 1, 0, 1, 3, 4],[0, 2, 4, 6, 8, 10, 12] | 16800,31900,2.1834,0.0736139117287
0,0,[4, 3, 1, 5, 1, 3, 4],[0, 2, 4, 6, 8, 10, 12] | 16200,31900,2.1191,0.0736139117287
0,0,[4, 3, 0, 4, 0, 3, 4],[0, 2, 4, 6, 8, 10, 12] | 15100,30800,1.9743,0.0736139117287
0,0,[4, 3, 0, 3, 0, 3, 4],[0, 2, 4, 6, 8, 10, 12] | 15000,29900,1.95345,0.0736139117287
0,0,[4, 3, 0, 2, 0, 3, 4],[0, 2, 4, 6, 8, 10, 12] | 14800,29000,1.9326,0.0736139117287
0,0,[4, 3, 0, 1, 0, 3, 4],[0, 2, 4, 6, 8, 10, 12] | 16300,31900,2.1249,0.0736139117287
0,0,[4, 3, 0, 0, 0, 3, 4],[0, 2, 4, 6, 8, 10, 12] | 15900,31900,2.0664,0.0736139117287
0,0,[4, 3, 0, 5, 0, 3, 4],[0, 2, 4, 6, 8, 10, 12] | 15300,31900,2.0021,0.0736139117287
0,0,[4, 3, 5, 4, 5, 3, 4],[0, 2, 4, 6, 8, 10, 12] | 14100,31900,1.8457,0.0736139117287
0,0,[4, 3, 5, 1, 5, 3, 4],[0, 2, 4, 6, 8, 10, 12] | 15300,30100,1.9963,0.0736139117287
0,0,[4, 3, 5, 0, 5, 3, 4],[0, 2, 4, 6, 8, 10, 12] | 14800,29000,1.9378,0.0736139117287
0,0,[4, 3, 5, 5, 5, 3, 4],[0, 2, 4, 6, 8, 10, 12] | 14300,31900,1.8735,0.0736139117287
0,0,[4, 2, 4, 1, 4, 2, 4],[0, 2, 4, 6, 8, 10, 12] | 14600,26200,1.899,0.0736139117287
0,0,[4, 2, 4, 0, 4, 2, 4],[0, 2, 4, 6, 8, 10, 12] | 14100,25600,1.8405,0.0736139117287
0,0,[4, 2, 3, 1, 3, 2, 4],[0, 2, 4, 6, 8, 10, 12] | 14200,24600,1.8573,0.0736139117287
0,0,[4, 2, 1, 4, 1, 2, 4],[0, 2, 4, 6, 8, 10, 12] | 15700,31900,2.0496,0.0736139117287
0,0,[4, 2, 1, 3, 1, 2, 4],[0, 2, 4, 6, 8, 10, 12] | 15600,31700,2.02875,0.0736139117287
0,0,[4, 2, 1, 2, 1, 2, 4],[0, 2, 4, 6, 8, 10, 12] | 15400,30900,2.0079,0.0736139117287
0,0,[4, 2, 1, 1, 1, 2, 4],[0, 2, 4, 6, 8, 10, 12] | 16900,31900,2.2002,0.0736139117287
0,0,[4, 2, 1, 0, 1, 2, 4],[0, 2, 4, 6, 8, 10, 12] | 16500,31900,2.1417,0.0736139117287
0,0,[4, 2, 1, 5, 1, 2, 4],[0, 2, 4, 6, 8, 10, 12] | 15900,31900,2.0774,0.0736139117287
0,0,[4, 2, 0, 4, 0, 2, 4],[0, 2, 4, 6, 8, 10, 12] | 14800,29100,1.9326,0.0736139117287
0,0,[4, 2, 0, 3, 0, 2, 4],[0, 2, 4, 6, 8, 10, 12] | 14700,28200,1.91175,0.0736139117287
0,0,[4, 2, 0, 2, 0, 2, 4],[0, 2, 4, 6, 8, 10, 12] | 14500,27300,1.8909,0.0736139117287
0,0,[4, 2, 0, 1, 0, 2, 4],[0, 2, 4, 6, 8, 10, 12] | 16000,31900,2.0832,0.0736139117287
0,0,[4, 2, 0, 0, 0, 2, 4],[0, 2, 4, 6, 8, 10, 12] | 15600,31900,2.0247,0.0736139117287
0,0,[4, 2, 0, 5, 0, 2, 4],[0, 2, 4, 6, 8, 10, 12] | 15000,30200,1.9604,0.0736139117287
0,0,[4, 2, 5, 1, 5, 2, 4],[0, 2, 4, 6, 8, 10, 12] | 15000,28900,1.9546,0.0736139117287
0,0,[4, 2, 5, 0, 5, 2, 4],[0, 2, 4, 6, 8, 10, 12] | 14500,28900,1.8961,0.0736139117287
0,0,[4, 1, 4, 4, 4, 1, 4],[0, 2, 4, 6, 8, 10, 12] | 16400,31900,2.133,0.0736139117287
0,0,[4, 1, 4, 3, 4, 1, 4],[0, 2, 4, 6, 8, 10, 12] | 16200,31900,2.11215,0.0736139117287
0,0,[4, 1, 4, 2, 4, 1, 4],[0, 2, 4, 6, 8, 10, 12] | 16000,31900,2.0913,0.0736139117287
0,0,[4, 1, 4, 1, 4, 1, 4],[0, 2, 4, 6, 8, 10, 12] | 17500,31900,2.2836,0.0736139117287
0,0,[4, 1, 4, 0, 4, 1, 4],[0, 2, 4, 6, 8, 10, 12] | 17100,31900,2.2251,0.0736139117287
0,0,[4, 1, 4, 5, 4, 1, 4],[0, 2, 4, 6, 8, 10, 12] | 16600,31900,2.1608,0.0736139117287
0,0,[4, 1, 3, 4, 3, 1, 4],[0, 2, 4, 6, 8, 10, 12] | 16000,31900,2.0913,0.0736139117287
0,0,[4, 1, 3, 3, 3, 1, 4],[0, 2, 4, 6, 8, 10, 12] | 15900,31900,2.07045,0.0736139117287
0,0,[4, 1, 3, 2, 3, 1, 4],[0, 2, 4, 6, 8, 10, 12] | 15700,31900,2.0496,0.0736139117287
0,0,[4, 1, 3, 1, 3, 1, 4],[0, 2, 4, 6, 8, 10, 12] | 17200,31900,2.2419,0.0736139117287
0,0,[4, 1, 3, 0, 3, 1, 4],[0, 2, 4, 6, 8, 10, 12] | 16800,31900,2.1834,0.0736139117287
0,0,[4, 1, 3, 5, 3, 1, 4],[0, 2, 4, 6, 8, 10, 12] | 16200,31900,2.1191,0.0736139117287
0,0,[4, 1, 2, 4, 2, 1, 4],[0, 2, 4, 6, 8, 10, 12] | 15700,31900,2.0496,0.0736139117287
0,0,[4, 1, 2, 3, 2, 1, 4],[0, 2, 4, 6, 8, 10, 12] | 15600,31700,2.02875,0.0736139117287
0,0,[4, 1, 2, 2, 2, 1, 4],[0, 2, 4, 6, 8, 10, 12] | 15400,30900,2.0079,0.0736139117287
0,0,[4, 1, 2, 1, 2, 1, 4],[0, 2, 4, 6, 8, 10, 12] | 16900,31900,2.2002,0.0736139117287
0,0,[4, 1, 2, 0, 2, 1, 4],[0, 2, 4, 6, 8, 10, 12] | 16500,31900,2.1417,0.0736139117287
0,0,[4, 1, 2, 5, 2, 1, 4],[0, 2, 4, 6, 8, 10, 12] | 15900,31900,2.0774,0.0736139117287
0,0,[4, 1, 1, 4, 1, 1, 4],[0, 2, 4, 6, 8, 10, 12] | 18700,31900,2.4342,0.0736139117287
0,0,[4, 1, 1, 3, 1, 1, 4],[0, 2, 4, 6, 8, 10, 12] | 18600,31900,2.41335,0.0736139117287
0,0,[4, 1, 1, 2, 1, 1, 4],[0, 2, 4, 6, 8, 10, 12] | 18400,31900,2.3925,0.0736139117287
0,0,[4, 1, 1, 1, 1, 1, 4],[0, 2, 4, 6, 8, 10, 12] | 19900,31900,2.5848,0.0736139117287
0,0,[4, 1, 1, 0, 1, 1, 4],[0, 2, 4, 6, 8, 10, 12] | 19400,31900,2.5263,0.0736139117287
0,0,[4, 1, 1, 5, 1, 1, 4],[0, 2, 4, 6, 8, 10, 12] | 18900,31900,2.462,0.0736139117287
0,0,[4, 1, 0, 4, 0, 1, 4],[0, 2, 4, 6, 8, 10, 12] | 17800,31900,2.3172,0.0736139117287
0,0,[4, 1, 0, 3, 0, 1, 4],[0, 2, 4, 6, 8, 10, 12] | 17700,31900,2.29635,0.0736139117287
0,0,[4, 1, 0, 2, 0, 1, 4],[0, 2, 4, 6, 8, 10, 12] | 17500,31900,2.2755,0.0736139117287
0,0,[4, 1, 0, 1, 0, 1, 4],[0, 2, 4, 6, 8, 10, 12] | 19000,31900,2.4678,0.0736139117287
0,0,[4, 1, 0, 0, 0, 1, 4],[0, 2, 4, 6, 8, 10, 12] | 18500,31900,2.4093,0.0736139117287
0,0,[4, 1, 0, 5, 0, 1, 4],[0, 2, 4, 6, 8, 10, 12] | 18000,31900,2.345,0.0736139117287
0,0,[4, 1, 5, 4, 5, 1, 4],[0, 2, 4, 6, 8, 10, 12] | 16800,31900,2.1886,0.0736139117287
0,0,[4, 1, 5, 3, 5, 1, 4],[0, 2, 4, 6, 8, 10, 12] | 16600,31900,2.16775,0.0736139117287
0,0,[4, 1, 5, 2, 5, 1, 4],[0, 2, 4, 6, 8, 10, 12] | 16500,31900,2.1469,0.0736139117287
0,0,[4, 1, 5, 1, 5, 1, 4],[0, 2, 4, 6, 8, 10, 12] | 17900,31900,2.3392,0.0736139117287
0,0,[4, 1, 5, 0, 5, 1, 4],[0, 2, 4, 6, 8, 10, 12] | 17500,31900,2.2807,0.0736139117287
0,0,[4, 1, 5, 5, 5, 1, 4],[0, 2, 4, 6, 8, 10, 12] | 17000,31900,2.2164,0.0736139117287
0,0,[4, 0, 4, 4, 4, 0, 4],[0, 2, 4, 6, 8, 10, 12] | 15500,31900,2.016,0.0736139117287
0,0,[4, 0, 4, 3, 4, 0, 4],[0, 2, 4, 6, 8, 10, 12] | 15300,31700,1.99515,0.0736139117287
0,0,[4, 0, 4, 2, 4, 0, 4],[0, 2, 4, 6, 8, 10, 12] | 15100,30800,1.9743,0.0736139117287
0,0,[4, 0, 4, 1, 4, 0, 4],[0, 2, 4, 6, 8, 10, 12] | 16600,31900,2.1666,0.0736139117287
0,0,[4, 0, 4, 0, 4, 0, 4],[0, 2, 4, 6, 8, 10, 12] | 16200,31900,2.1081,0.0736139117287
0,0,[4, 0, 4, 5, 4, 0, 4],[0, 2, 4, 6, 8, 10, 12] | 15700,31900,2.0438,0.0736139117287
0,0,[4, 0, 3, 4, 3, 0, 4],[0, 2, 4, 6, 8, 10, 12] | 15100,30800,1.9743,0.0736139117287
0,0,[4, 0, 3, 3, 3, 0, 4],[0, 2, 4, 6, 8, 10, 12] | 15000,29900,1.95345,0.0736139117287
0,0,[4, 0, 3, 2, 3, 0, 4],[0, 2, 4, 6, 8, 10, 12] | 14800,29000,1.9326,0.0736139117287
0,0,[4, 0, 3, 1, 3, 0, 4],[0, 2, 4, 6, 8, 10, 12] | 16300,31900,2.1249,0.0736139117287
0,0,[4, 0, 3, 0, 3, 0, 4],[0, 2, 4, 6, 8, 10, 12] | 15900,31900,2.0664,0.0736139117287
0,0,[4, 0, 3, 5, 3, 0, 4],[0, 2, 4, 6, 8, 10, 12] | 15300,31900,2.0021,0.0736139117287
0,0,[4, 0, 2, 4, 2, 0, 4],[0, 2, 4, 6, 8, 10, 12] | 14800,29000,1.9326,0.0736139117287
0,0,[4, 0, 2, 3, 2, 0, 4],[0, 2, 4, 6, 8, 10, 12] | 14700,28200,1.91175,0.0736139117287
0,0,[4, 0, 2, 2, 2, 0, 4],[0, 2, 4, 6, 8, 10, 12] | 14500,27300,1.8909,0.0736139117287
