[[14600, -1], [29900, 1], [21200, 0], [24000, 2], [12000, 3], [1800, 4], 1, 0, [2, 2, 4, 4, 2, 2], [0, 3, 5, 7, 9, 12], 14600, 29900, 0.7784, 0.04322346029646401]
[[14600, -1], [28500, 2], [22100, 1], [12000, 0], [5400, 3], [2600, 4], 1, 0, [2, 3, 3, 3, 3, 2], [0, 3, 5, 7, 9, 12], 14600, 28500, 0.7784, 0.04322346029646401]
[[14600, -1], [28500, 2], [21600, 0], [9200, 1], [5200, 3], [1800, 4], 1, 0, [3, 2, 3, 3, 2, 3], [0, 3, 5, 7, 9, 12], 14600, 28500, 0.7784, 0.04322346029646401]
[[14600, -1], [28500, 1], [18400, 0], [7400, 2], [4300, 3], [2600, 4], 1, 0, [3, 3, 2, 2, 3, 3], [0, 3, 5, 7, 9, 12], 14600, 28500, 0.7784, 0.04322346029646401]
[[14600, -1], [29900, 2], [25700, 1], [22700, 3], [19700, 4], [26300, 0], 1, 0, [4, 2, 2, 2, 2, 4], [0, 3, 5, 7, 9, 12], 14600, 29900, 0.7784, 0.04322346029646401]
[[21100, -1], [29900, 2], [23400, 0], [13300, 1], [15800, 3], [2700, 4], [1200, 5], 1, 0, [2, 2, 2, 4, 2, 2, 2], [0, 2, 4, 6, 8, 10, 12], 21100, 29900, 0.7784, 0.04322346029646401]
[[21100, -1], [28500, 2], [20600, 0], [11100, 1], [5800, 3], [3700, 4], [1200, 5], 1, 0, [2, 2, 3, 2, 3, 2, 2], [0, 2, 4, 6, 8, 10, 12], 21100, 28500, 0.7784, 0.04322346029646401]
[[21100, -1], [28500, 1], [17000, 0], [9300, 2], [5300, 3], [2800, 4], [1700, 5], 1, 0, [2, 3, 2, 2, 2, 3, 2], [0, 2, 4, 6, 8, 10, 12], 21100, 28500, 0.7784, 0.04322346029646401]
[[21100, -1], [28500, 0], [15300, 1], [9300, 2], [5400, 3], [2800, 4], [1200, 5], 1, 0, [3, 2, 2, 2, 2, 2, 3], [0, 2, 4, 6, 8, 10, 12], 21100, 28500, 0.7784, 0.04322346029646401]
[[14600, -1], [29900, 2], [24800, 0], [22100, 3], [23800, 1], [6400, 4], 1, 0, [2, 4, 2, 2, 4, 2], [0, 3, 5, 7, 9, 12], 14600, 29900, 0.7784000000000001, 0.04322346029646401]
[[28700, -1], [29900, 3], [25100, 0], [15600, 1], [8300, 2], [3900, 4], [1800, 5], [600, 6], 1, 0, [2, 2, 2, 2, 2, 2, 2, 2], [0, 1, 3, 5, 7, 9, 11, 12], 28700, 29900, 0.7784000000000001, 0.04322346029646401]
[[21600, -1], [30300, 3], [25000, 2], [17400, 0], [8600, 1], [3700, 4], [1200, 5], 1, 0, [2, 2, 3, 3, 3, 2, 2], [0, 2, 4, 6, 8, 10, 12], 21600, 30300, 0.79925, 0.04322346029646401]
[[21600, -1], [30300, 3], [25000, 1], [14200, 0], [6600, 2], [2800, 4], [1700, 5], 1, 0, [2, 3, 2, 3, 2, 3, 2], [0, 2, 4, 6, 8, 10, 12], 21600, 30300, 0.79925, 0.04322346029646401]
[[21600, -1], [30300, 3], [25000, 0], [12600, 1], [6500, 2], [2800, 4], [1200, 5], 1, 0, [3, 2, 2, 3, 2, 2, 3], [0, 2, 4, 6, 8, 10, 12], 21600, 30300, 0.79925, 0.04322346029646401]
[[21800, -1], [32400, 2], [25700, 0], [15000, 1], [19500, 3], [2700, 4], [1200, 5], 1, 0, [2, 2, 2, 5, 2, 2, 2], [0, 2, 4, 6, 8, 10, 12], 21800, 32400, 0.8062, 0.04322346029646401]
[[15400, -1], [32100, 1], [20800, 0], [24200, 2], [12400, 3], [2600, 4], 1, 0, [2, 3, 4, 4, 3, 2], [0, 3, 5, 7, 9, 12], 15400, 32100, 0.8201, 0.04322346029646401]
[[15400, -1], [32100, 2], [25800, 0], [22900, 3], [23800, 1], [6400, 4], 1, 0, [2, 4, 3, 3, 4, 2], [0, 3, 5, 7, 9, 12], 15400, 32100, 0.8201, 0.04322346029646401]
[[15400, -1], [32100, 0], [17800, 1], [24100, 2], [12200, 3], [1800, 4], 1, 0, [3, 2, 4, 4, 2, 3], [0, 3, 5, 7, 9, 12], 15400, 32100, 0.8201, 0.04322346029646401]
[[15400, -1], [32100, 2], [25000, 0], [12100, 1], [5500, 3], [2600, 4], 1, 0, [3, 3, 3, 3, 3, 3], [0, 3, 5, 7, 9, 12], 15400, 32100, 0.8201, 0.04322346029646401]
[[15400, -1], [32100, 0], [22600, 2], [22800, 3], [23400, 1], [6400, 4], 1, 0, [3, 4, 2, 2, 4, 3], [0, 3, 5, 7, 9, 12], 15400, 32100, 0.8201, 0.04322346029646401]
[[15400, -1], [32100, 2], [27000, 3], [22500, 1], [19700, 4], [26300, 0], 1, 0, [4, 2, 3, 3, 2, 4], [0, 3, 5, 7, 9, 12], 15400, 32100, 0.8201, 0.04322346029646401]
[[15400, -1], [32100, 1], [26700, 2], [24500, 3], [21100, 4], [26300, 0], 1, 0, [4, 3, 2, 2, 3, 4], [0, 3, 5, 7, 9, 12], 15400, 32100, 0.8201, 0.04322346029646401]
[[22200, -1], [32100, 2], [23800, 0], [13600, 1], [16800, 3], [3700, 4], [1200, 5], 1, 0, [2, 2, 3, 4, 3, 2, 2], [0, 2, 4, 6, 8, 10, 12], 22200, 32100, 0.8201, 0.04322346029646401]
[[22200, -1], [33700, 3], [29900, 1], [20700, 0], [23000, 2], [8800, 4], [1200, 5], 1, 0, [2, 2, 4, 2, 4, 2, 2], [0, 2, 4, 6, 8, 10, 12], 22200, 33700, 0.8201, 0.04322346029646401]
[[22200, -1], [32100, 1], [19800, 0], [12100, 2], [15800, 3], [2800, 4], [1700, 5], 1, 0, [2, 3, 2, 4, 2, 3, 2], [0, 2, 4, 6, 8, 10, 12], 22200, 32100, 0.8201, 0.04322346029646401]
[[22200, -1], [32100, 2], [24100, 1], [12600, 0], [5900, 3], [3700, 4], [1700, 5], 1, 0, [2, 3, 3, 2, 3, 3, 2], [0, 2, 4, 6, 8, 10, 12], 22200, 32100, 0.8201, 0.04322346029646401]
[[22200, -1], [33700, 3], [29900, 2], [24000, 0], [23900, 4], [24700, 1], [4100, 5], 1, 0, [2, 4, 2, 2, 2, 4, 2], [0, 2, 4, 6, 8, 10, 12], 22200, 33700, 0.8201, 0.04322346029646401]
[[22200, -1], [32100, 0], [18000, 1], [12100, 2], [15700, 4], [13600, 3], [1200, 5], 1, 0, [3, 2, 2, 4, 2, 2, 3], [0, 2, 4, 6, 8, 10, 12], 22200, 32100, 0.8201, 0.04322346029646401]
[[22200, -1], [32100, 2], [23600, 0], [10900, 1], [6000, 3], [3800, 4], [1200, 5], 1, 0, [3, 2, 3, 2, 3, 2, 3], [0, 2, 4, 6, 8, 10, 12], 22200, 32100, 0.8201, 0.04322346029646401]
[[22200, -1], [32100, 1], [20400, 0], [9300, 2], [5400, 3], [2900, 4], [1700, 5], 1, 0, [3, 3, 2, 2, 2, 3, 3], [0, 2, 4, 6, 8, 10, 12], 22200, 32100, 0.8201, 0.04322346029646401]
[[22200, -1], [33700, 3], [29900, 2], [24900, 1], [23400, 4], [20500, 5], [26300, 0], 1, 0, [4, 2, 2, 2, 2, 2, 4], [0, 2, 4, 6, 8, 10, 12], 22200, 33700, 0.8201, 0.04322346029646401]
[[30200, -1], [32100, 3], [26300, 0], [16600, 1], [9100, 2], [5100, 4], [1800, 5], [600, 6], 1, 0, [2, 2, 2, 3, 3, 2, 2, 2], [0, 1, 3, 5, 7, 9, 11, 12], 30200, 32100, 0.8201, 0.04322346029646401]
[[30200, -1], [32100, 2], [23000, 0], [13400, 1], [7300, 3], [4200, 4], [2500, 5], [600, 6], 1, 0, [2, 2, 3, 2, 2, 3, 2, 2], [0, 1, 3, 5, 7, 9, 11, 12], 30200, 32100, 0.8201, 0.04322346029646401]
[[30200, -1], [32100, 1], [19600, 0], [11900, 2], [7100, 3], [3900, 4], [1800, 5], [800, 6], 1, 0, [2, 3, 2, 2, 2, 2, 3, 2], [0, 1, 3, 5, 7, 9, 11, 12], 30200, 32100, 0.8201, 0.04322346029646401]
[[30200, -1], [32100, 0], [18900, 1], [11900, 2], [7200, 3], [4000, 4], [1900, 5], [600, 6], 1, 0, [3, 2, 2, 2, 2, 2, 2, 3], [0, 1, 3, 5, 7, 9, 11, 12], 30200, 32100, 0.8201, 0.04322346029646401]
[[15700, -1], [34900, 1], [25300, 0], [30600, 2], [15000, 3], [1800, 4], 1, 0, [2, 2, 5, 5, 2, 2], [0, 3, 5, 7, 9, 12], 15700, 34900, 0.8340000000000001, 0.04322346029646401]
[[15700, -1], [34900, 2], [29700, 0], [27600, 3], [31000, 1], [8200, 4], 1, 0, [2, 5, 2, 2, 5, 2], [0, 3, 5, 7, 9, 12], 15700, 34900, 0.8340000000000001, 0.04322346029646401]
[[15700, -1], [34900, 2], [30700, 1], [27700, 3], [24700, 4], [33800, 0], 1, 0, [5, 2, 2, 2, 2, 5], [0, 3, 5, 7, 9, 12], 15700, 34900, 0.8340000000000001, 0.04322346029646401]
[[22800, -1], [33900, 3], [29900, 1], [20700, 0], [23000, 2], [8800, 4], [1200, 5], 1, 0, [2, 2, 4, 3, 4, 2, 2], [0, 2, 4, 6, 8, 10, 12], 22800, 33900, 0.8409500000000001, 0.04322346029646401]
[[22800, -1], [33900, 3], [28500, 2], [20900, 1], [10200, 0], [3700, 4], [1700, 5], 1, 0, [2, 3, 3, 3, 3, 3, 2], [0, 2, 4, 6, 8, 10, 12], 22800, 33900, 0.8409500000000001, 0.04322346029646401]
[[22800, -1], [33900, 3], [29900, 2], [24000, 0], [23900, 4], [24700, 1], [4100, 5], 1, 0, [2, 4, 2, 3, 2, 4, 2], [0, 2, 4, 6, 8, 10, 12], 22800, 33900, 0.8409500000000001, 0.04322346029646401]
[[22800, -1], [33900, 3], [28500, 2], [20400, 0], [8500, 1], [3800, 4], [1200, 5], 1, 0, [3, 2, 3, 3, 3, 2, 3], [0, 2, 4, 6, 8, 10, 12], 22800, 33900, 0.8409500000000001, 0.04322346029646401]
[[22800, -1], [33900, 3], [28500, 1], [17600, 0], [6600, 2], [2900, 4], [1700, 5], 1, 0, [3, 3, 2, 3, 2, 3, 3], [0, 2, 4, 6, 8, 10, 12], 22800, 33900, 0.8409500000000001, 0.04322346029646401]
[[22800, -1], [33900, 3], [29900, 2], [24900, 1], [23400, 4], [20500, 5], [26300, 0], 1, 0, [4, 2, 2, 3, 2, 2, 4], [0, 2, 4, 6, 8, 10, 12], 22800, 33900, 0.8409500000000001, 0.04322346029646401]
[[22900, -1], [34500, 2], [25900, 0], [15300, 1], [20400, 3], [3700, 4], [1200, 5], 1, 0, [2, 2, 3, 5, 3, 2, 2], [0, 2, 4, 6, 8, 10, 12], 22900, 34500, 0.8479000000000001, 0.04322346029646401]
[[22900, -1], [34500, 1], [21600, 0], [13900, 2], [19500, 3], [2800, 4], [1700, 5], 1, 0, [2, 3, 2, 5, 2, 3, 2], [0, 2, 4, 6, 8, 10, 12], 22900, 34500, 0.8479000000000001, 0.04322346029646401]
[[22900, -1], [34500, 0], [19800, 1], [14000, 2], [19600, 3], [2800, 4], [1200, 5], 1, 0, [3, 2, 2, 5, 2, 2, 3], [0, 2, 4, 6, 8, 10, 12], 22900, 34500, 0.8479000000000001, 0.04322346029646401]
[[35800, -1], [26200, 3], [22500, 2], [16700, 0], [8100, 1], [2700, 4], [1200, 5], 1, 1, [2, 2, 2, 2, 2, 2, 2], [0, 2, 4, 6, 8, 10, 12], 35800, 35800, 0.8479000000000001, 0.06040662215353546]
[[16200, -1], [37400, 0], [45400, 1], [24400, 2], [12800, 3], [6400, 4], 1, 0, [2, 4, 4, 4, 4, 2], [0, 3, 5, 7, 9, 12], 16200, 45400, 0.8618, 0.04322346029646401]
[[16200, -1], [35600, 1], [24300, 0], [24400, 2], [12800, 3], [2600, 4], 1, 0, [3, 3, 4, 4, 3, 3], [0, 3, 5, 7, 9, 12], 16200, 35600, 0.8618, 0.04322346029646401]
[[23300, -1], [35600, 2], [27300, 1], [15000, 0], [16800, 3], [3700, 4], [1700, 5], 1, 0, [2, 3, 3, 4, 3, 3, 2], [0, 2, 4, 6, 8, 10, 12], 23300, 35600, 0.8618, 0.04322346029646401]
[[23300, -1], [35600, 1], [23100, 0], [21000, 3], [22900, 2], [8800, 4], [1700, 5], 1, 0, [2, 3, 4, 2, 4, 3, 2], [0, 2, 4, 6, 8, 10, 12], 23300, 35600, 0.8618, 0.04322346029646401]
[[23300, -1], [37400, 2], [30900, 0], [32700, 4], [35300, 1], [13800, 3], [4100, 5], 1, 0, [2, 4, 2, 4, 2, 4, 2], [0, 2, 4, 6, 8, 10, 12], 23300, 37400, 0.8618, 0.04322346029646401]
[[23300, -1], [35600, 2], [28000, 0], [25300, 3], [24700, 4], [24700, 1], [4100, 5], 1, 0, [2, 4, 3, 2, 3, 4, 2], [0, 2, 4, 6, 8, 10, 12], 23300, 35600, 0.8618, 0.04322346029646401]
[[23300, -1], [35600, 2], [26700, 0], [13400, 1], [16400, 4], [13600, 3], [1200, 5], 1, 0, [3, 2, 3, 4, 3, 2, 3], [0, 2, 4, 6, 8, 10, 12], 23300, 35600, 0.8618, 0.04322346029646401]
[[23300, -1], [35600, 0], [21400, 1], [20800, 3], [22800, 2], [9000, 4], [1200, 5], 1, 0, [3, 2, 4, 2, 4, 2, 3], [0, 2, 4, 6, 8, 10, 12], 23300, 35600, 0.8618, 0.04322346029646401]
[[23300, -1], [35600, 1], [23200, 0], [12100, 2], [16000, 4], [13800, 3], [1700, 5], 1, 0, [3, 3, 2, 4, 2, 3, 3], [0, 2, 4, 6, 8, 10, 12], 23300, 35600, 0.8618, 0.04322346029646401]
[[23300, -1], [35600, 2], [27100, 0], [14000, 1], [6000, 3], [3900, 4], [1700, 5], 1, 0, [3, 3, 3, 2, 3, 3, 3], [0, 2, 4, 6, 8, 10, 12], 23300, 35600, 0.8618, 0.04322346029646401]
[[16200, -1], [35600, 2], [28500, 0], [23500, 3], [23400, 1], [6400, 4], 1, 0, [3, 4, 3, 3, 4, 3], [0, 3, 5, 7, 9, 12], 16200, 35600, 0.8618000000000001, 0.04322346029646401]
[[16200, -1], [37400, 1], [35600, 4], [52500, 2], [36100, 0], [10900, 3], 1, 0, [4, 2, 4, 4, 2, 4], [0, 3, 5, 7, 9, 12], 16200, 52500, 0.8618000000000001, 0.04322346029646401]
[[16200, -1], [35600, 2], [29400, 1], [25100, 3], [21100, 4], [26300, 0], 1, 0, [4, 3, 3, 3, 3, 4], [0, 3, 5, 7, 9, 12], 16200, 35600, 0.8618000000000001, 0.04322346029646401]
[[16200, -1], [37400, 2], [33800, 3], [52500, 1], [30800, 0], [6400, 4], 1, 0, [4, 4, 2, 2, 4, 4], [0, 3, 5, 7, 9, 12], 16200, 52500, 0.8618000000000001, 0.04322346029646401]
[[23300, -1], [37400, 1], [26800, 0], [33100, 2], [17700, 3], [8800, 4], [1200, 5], 1, 0, [2, 2, 4, 4, 4, 2, 2], [0, 2, 4, 6, 8, 10, 12], 23300, 37400, 0.8618000000000001, 0.04322346029646401]
[[23300, -1], [35600, 0], [25800, 2], [24500, 3], [25300, 4], [24400, 1], [4100, 5], 1, 0, [3, 4, 2, 2, 2, 4, 3], [0, 2, 4, 6, 8, 10, 12], 23300, 35600, 0.8618000000000001, 0.04322346029646401]
[[23300, -1], [37400, 2], [32100, 1], [31500, 4], [28900, 5], [39400, 3], [26300, 0], 1, 0, [4, 2, 2, 4, 2, 2, 4], [0, 2, 4, 6, 8, 10, 12], 23300, 39400, 0.8618000000000001, 0.04322346029646401]
[[23300, -1], [35600, 2], [29500, 1], [26900, 3], [24200, 4], [20500, 5], [26300, 0], 1, 0, [4, 2, 3, 2, 3, 2, 4], [0, 2, 4, 6, 8, 10, 12], 23300, 35600, 0.8618000000000001, 0.04322346029646401]
[[23300, -1], [35600, 1], [28900, 2], [26600, 3], [25300, 4], [22200, 5], [26300, 0], 1, 0, [4, 3, 2, 2, 2, 3, 4], [0, 2, 4, 6, 8, 10, 12], 23300, 35600, 0.8618000000000001, 0.04322346029646401]
[[31700, -1], [37400, 2], [29500, 0], [18500, 1], [23900, 3], [12000, 4], [1800, 5], [600, 6], 1, 0, [2, 2, 2, 4, 4, 2, 2, 2], [0, 1, 3, 5, 7, 9, 11, 12], 31700, 37400, 0.8618000000000001, 0.04322346029646401]
[[31700, -1], [35600, 3], [29300, 2], [19900, 0], [10800, 1], [5400, 4], [2500, 5], [600, 6], 1, 0, [2, 2, 3, 3, 3, 3, 2, 2], [0, 1, 3, 5, 7, 9, 11, 12], 31700, 35600, 0.8618000000000001, 0.04322346029646401]
[[31700, -1], [37400, 3], [32400, 0], [22300, 1], [23700, 4], [23400, 2], [6100, 5], [600, 6], 1, 0, [2, 2, 4, 2, 2, 4, 2, 2], [0, 1, 3, 5, 7, 9, 11, 12], 31700, 37400, 0.8618000000000001, 0.04322346029646401]
[[31700, -1], [35600, 3], [28900, 1], [16700, 0], [9000, 2], [5100, 4], [1800, 5], [800, 6], 1, 0, [2, 3, 2, 3, 3, 2, 3, 2], [0, 1, 3, 5, 7, 9, 11, 12], 31700, 35600, 0.8618000000000001, 0.04322346029646401]
[[31700, -1], [35600, 2], [26100, 1], [13800, 0], [7300, 3], [4200, 4], [2500, 5], [800, 6], 1, 0, [2, 3, 3, 2, 2, 3, 3, 2], [0, 1, 3, 5, 7, 9, 11, 12], 31700, 35600, 0.8618000000000001, 0.04322346029646401]
[[31700, -1], [37400, 3], [32600, 0], [25400, 2], [25400, 4], [25100, 5], [23700, 7], [26300, 1], [2000, 6], 1, 0, [2, 4, 2, 2, 2, 2, 4, 2], [0, 1, 3, 5, 7, 9, 11, 12], 31700, 37400, 0.8618000000000001, 0.04322346029646401]
[[31700, -1], [35600, 3], [28800, 0], [16100, 1], [9000, 2], [5200, 4], [1900, 5], [600, 6], 1, 0, [3, 2, 2, 3, 3, 2, 2, 3], [0, 1, 3, 5, 7, 9, 11, 12], 31700, 35600, 0.8618000000000001, 0.04322346029646401]
[[31700, -1], [35600, 2], [25800, 0], [13100, 1], [7400, 3], [4300, 4], [2600, 5], [600, 6], 1, 0, [3, 2, 3, 2, 2, 3, 2, 3], [0, 1, 3, 5, 7, 9, 11, 12], 31700, 35600, 0.8618000000000001, 0.04322346029646401]
[[31700, -1], [35600, 1], [22800, 0], [11800, 2], [7200, 3], [4000, 4], [1900, 5], [800, 6], 1, 0, [3, 3, 2, 2, 2, 2, 3, 3], [0, 1, 3, 5, 7, 9, 11, 12], 31700, 35600, 0.8618000000000001, 0.04322346029646401]
[[31700, -1], [37400, 3], [32800, 1], [26500, 2], [25800, 4], [24500, 5], [21500, 6], [26300, 0], 1, 0, [4, 2, 2, 2, 2, 2, 2, 4], [0, 1, 3, 5, 7, 9, 11, 12], 31700, 37400, 0.8618000000000001, 0.04322346029646401]
[[36700, -1], [26700, 3], [22500, 2], [16700, 0], [8100, 1], [2700, 4], [1200, 5], 1, 1, [2, 2, 2, 3, 2, 2, 2], [0, 2, 4, 6, 8, 10, 12], 36700, 36700, 0.8687500000000001, 0.06040662215353546]
[[23700, -1], [36900, 3], [22500, 2], [16700, 0], [8100, 1], [2700, 4], [1200, 5], 1, 0, [2, 2, 2, 0, 2, 2, 2], [0, 2, 4, 6, 8, 10, 12], 23700, 36900, 0.8705, 0.04322346029646401]
[[16500, -1], [36800, 1], [24700, 0], [30800, 2], [15300, 3], [2600, 4], 1, 0, [2, 3, 5, 5, 3, 2], [0, 3, 5, 7, 9, 12], 16500, 36800, 0.8757, 0.04322346029646401]
[[16500, -1], [36800, 0], [21600, 1], [30700, 2], [15200, 3], [1800, 4], 1, 0, [3, 2, 5, 5, 2, 3], [0, 3, 5, 7, 9, 12], 16500, 36800, 0.8757, 0.04322346029646401]
[[16500, -1], [36800, 2], [30700, 0], [28100, 3], [31000, 1], [8200, 4], 1, 0, [2, 5, 3, 3, 5, 2], [0, 3, 5, 7, 9, 12], 16500, 36800, 0.8757000000000001, 0.04322346029646401]
[[16500, -1], [36800, 0], [27800, 2], [28600, 3], [30400, 1], [8200, 4], 1, 0, [3, 5, 2, 2, 5, 3], [0, 3, 5, 7, 9, 12], 16500, 36800, 0.8757000000000001, 0.04322346029646401]
[[16500, -1], [36800, 2], [31700, 3], [27400, 1], [24700, 4], [33800, 0], 1, 0, [5, 2, 3, 3, 2, 5], [0, 3, 5, 7, 9, 12], 16500, 36800, 0.8757000000000001, 0.04322346029646401]
[[16500, -1], [36800, 1], [31900, 2], [29600, 3], [25800, 4], [33800, 0], 1, 0, [5, 3, 2, 2, 3, 5], [0, 3, 5, 7, 9, 12], 16500, 36800, 0.8757000000000001, 0.04322346029646401]
[[23700, -1], [38600, 3], [34900, 1], [25000, 0], [29700, 2], [11100, 4], [1200, 5], 1, 0, [2, 2, 5, 2, 5, 2, 2], [0, 2, 4, 6, 8, 10, 12], 23700, 38600, 0.8757000000000001, 0.04322346029646401]
[[23700, -1], [38600, 3], [34900, 2], [28900, 0], [29300, 4], [31500, 6], [33800, 1], [5000, 5], 1, 0, [2, 5, 2, 2, 2, 5, 2], [0, 2, 4, 6, 8, 10, 12], 23700, 38600, 0.8757000000000001, 0.04322346029646401]
[[23700, -1], [38600, 3], [34900, 2], [30000, 1], [28500, 4], [25500, 5], [33800, 0], 1, 0, [5, 2, 2, 2, 2, 2, 5], [0, 2, 4, 6, 8, 10, 12], 23700, 38600, 0.8757000000000001, 0.04322346029646401]
[[23900, -1], [37400, 3], [32100, 2], [23900, 0], [11600, 1], [3900, 4], [1700, 5], 1, 0, [3, 3, 3, 3, 3, 3, 3], [0, 2, 4, 6, 8, 10, 12], 23900, 37400, 0.8826499999999999, 0.04322346029646401]
[[23900, -1], [37400, 3], [32100, 0], [22600, 2], [25300, 4], [24400, 1], [4100, 5], 1, 0, [3, 4, 2, 3, 2, 4, 3], [0, 2, 4, 6, 8, 10, 12], 23900, 37400, 0.8826499999999999, 0.04322346029646401]
[[23900, -1], [37400, 3], [32100, 2], [26000, 1], [24200, 4], [20500, 5], [26300, 0], 1, 0, [4, 2, 3, 3, 3, 2, 4], [0, 2, 4, 6, 8, 10, 12], 23900, 37400, 0.8826499999999999, 0.04322346029646401]
[[23900, -1], [37400, 3], [32100, 1], [25400, 2], [25300, 4], [22200, 5], [26300, 0], 1, 0, [4, 3, 2, 3, 2, 3, 4], [0, 2, 4, 6, 8, 10, 12], 23900, 37400, 0.8826499999999999, 0.04322346029646401]
[[23900, -1], [37400, 3], [32100, 1], [20200, 0], [22900, 2], [8800, 4], [1700, 5], 1, 0, [2, 3, 4, 3, 4, 3, 2], [0, 2, 4, 6, 8, 10, 12], 23900, 37400, 0.88265, 0.04322346029646401]
[[23900, -1], [37400, 3], [32100, 2], [24700, 0], [24700, 4], [24700, 1], [4100, 5], 1, 0, [2, 4, 3, 3, 3, 4, 2], [0, 2, 4, 6, 8, 10, 12], 23900, 37400, 0.88265, 0.04322346029646401]
[[23900, -1], [37400, 3], [32100, 0], [18600, 1], [22800, 2], [9000, 4], [1200, 5], 1, 0, [3, 2, 4, 3, 4, 2, 3], [0, 2, 4, 6, 8, 10, 12], 23900, 37400, 0.88265, 0.04322346029646401]
[[24100, -1], [38000, 2], [29500, 1], [16600, 0], [20400, 3], [3700, 4], [1700, 5], 1, 0, [2, 3, 3, 5, 3, 3, 2], [0, 2, 4, 6, 8, 10, 12], 24100, 38000, 0.8896000000000001, 0.04322346029646401]
[[24100, -1], [39900, 2], [33200, 0], [35600, 4], [38900, 1], [17500, 3], [4100, 5], 1, 0, [2, 4, 2, 5, 2, 4, 2], [0, 2, 4, 6, 8, 10, 12], 24100, 39900, 0.8896000000000001, 0.04322346029646401]
[[24100, -1], [38000, 2], [28800, 0], [15000, 1], [20600, 4], [17400, 3], [1200, 5], 1, 0, [3, 2, 3, 5, 3, 2, 3], [0, 2, 4, 6, 8, 10, 12], 24100, 38000, 0.8896000000000001, 0.04322346029646401]
[[24100, -1], [38000, 1], [25100, 0], [13900, 2], [19700, 3], [2900, 4], [1700, 5], 1, 0, [3, 3, 2, 5, 2, 3, 3], [0, 2, 4, 6, 8, 10, 12], 24100, 38000, 0.8896000000000001, 0.04322346029646401]
[[16700, -1], [29900, 0], [34300, 1], [15100, 2], [6400, 3], 1, 1, [2, 4, 4, 4, 2], [0, 3, 6, 9, 12], 16700, 34300, 0.8896000000000001, 0.06040662215353546]
[[16700, -1], [28500, 1], [18400, 0], [15000, 2], [2600, 3], 1, 1, [3, 3, 4, 3, 3], [0, 3, 6, 9, 12], 16700, 28500, 0.8896000000000001, 0.06040662215353546]
[[16700, -1], [28500, 0], [21100, 2], [23400, 1], [6400, 3], 1, 1, [3, 4, 2, 4, 3], [0, 3, 6, 9, 12], 16700, 28500, 0.8896000000000001, 0.06040662215353546]
[[16700, -1], [29900, 1], [27700, 3], [39400, 2], [26300, 0], 1, 1, [4, 2, 4, 2, 4], [0, 3, 6, 9, 12], 16700, 39400, 0.8896000000000001, 0.06040662215353546]
[[16700, -1], [28500, 1], [23800, 2], [21100, 3], [26300, 0], 1, 1, [4, 3, 2, 3, 4], [0, 3, 6, 9, 12], 16700, 28500, 0.8896000000000001, 0.06040662215353546]
[[26100, -1], [29900, 1], [21200, 0], [24000, 2], [12000, 3], [1800, 4], 1, 1, [2, 2, 4, 4, 2, 2], [0, 3, 5, 7, 9, 12], 26100, 29900, 0.8896000000000001, 0.06040662215353546]
[[26100, -1], [28500, 2], [22100, 1], [12000, 0], [5400, 3], [2600, 4], 1, 1, [2, 3, 3, 3, 3, 2], [0, 3, 5, 7, 9, 12], 26100, 28500, 0.8896000000000001, 0.06040662215353546]
[[26100, -1], [28500, 2], [21600, 0], [9200, 1], [5200, 3], [1800, 4], 1, 1, [3, 2, 3, 3, 2, 3], [0, 3, 5, 7, 9, 12], 26100, 28500, 0.8896000000000001, 0.06040662215353546]
[[26100, -1], [28500, 1], [18400, 0], [7400, 2], [4300, 3], [2600, 4], 1, 1, [3, 3, 2, 2, 3, 3], [0, 3, 5, 7, 9, 12], 26100, 28500, 0.8896000000000001, 0.06040662215353546]
[[26100, -1], [29900, 2], [25700, 1], [22700, 3], [19700, 4], [26300, 0], 1, 1, [4, 2, 2, 2, 2, 4], [0, 3, 5, 7, 9, 12], 26100, 29900, 0.8896000000000001, 0.06040662215353546]
[[37600, -1], [29900, 2], [23400, 0], [13300, 1], [15800, 3], [2700, 4], [1200, 5], 1, 1, [2, 2, 2, 4, 2, 2, 2], [0, 2, 4, 6, 8, 10, 12], 37600, 37600, 0.8896000000000001, 0.06040662215353546]
[[37600, -1], [28500, 2], [20600, 0], [11100, 1], [5800, 3], [3700, 4], [1200, 5], 1, 1, [2, 2, 3, 2, 3, 2, 2], [0, 2, 4, 6, 8, 10, 12], 37600, 37600, 0.8896000000000001, 0.06040662215353546]
[[37600, -1], [28500, 1], [17000, 0], [9300, 2], [5300, 3], [2800, 4], [1700, 5], 1, 1, [2, 3, 2, 2, 2, 3, 2], [0, 2, 4, 6, 8, 10, 12], 37600, 37600, 0.8896000000000001, 0.06040662215353546]
[[37600, -1], [28500, 0], [15300, 1], [9300, 2], [5400, 3], [2800, 4], [1200, 5], 1, 1, [3, 2, 2, 2, 2, 2, 3], [0, 2, 4, 6, 8, 10, 12], 37600, 37600, 0.8896000000000001, 0.06040662215353546]
[[24100, -1], [39900, 1], [28800, 0], [36400, 2], [21300, 3], [8800, 4], [1200, 5], 1, 0, [2, 2, 4, 5, 4, 2, 2], [0, 2, 4, 6, 8, 10, 12], 24100, 39900, 0.8896000000000002, 0.04322346029646401]
[[24100, -1], [39900, 2], [34400, 1], [34200, 4], [31700, 5], [42200, 3], [26300, 0], 1, 0, [4, 2, 2, 5, 2, 2, 4], [0, 2, 4, 6, 8, 10, 12], 24100, 42200, 0.8896000000000002, 0.04322346029646401]
[[26100, -1], [29900, 2], [24800, 0], [22100, 3], [23800, 1], [6400, 4], 1, 1, [2, 4, 2, 2, 4, 2], [0, 3, 5, 7, 9, 12], 26100, 29900, 0.8896000000000002, 0.06040662215353546]
[[51100, -1], [29900, 3], [25100, 0], [15600, 1], [8300, 2], [3900, 4], [1800, 5], [600, 6], 1, 1, [2, 2, 2, 2, 2, 2, 2, 2], [0, 1, 3, 5, 7, 9, 11, 12], 51100, 51100, 0.8896000000000002, 0.06040662215353546]
[[24300, -1], [38600, 3], [34900, 1], [25000, 0], [29700, 2], [11100, 4], [1200, 5], 1, 0, [2, 2, 5, 3, 5, 2, 2], [0, 2, 4, 6, 8, 10, 12], 24300, 38600, 0.8965500000000001, 0.04322346029646401]
[[24300, -1], [38600, 3], [34900, 2], [28900, 0], [29300, 4], [31500, 6], [33800, 1], [5000, 5], 1, 0, [2, 5, 2, 3, 2, 5, 2], [0, 2, 4, 6, 8, 10, 12], 24300, 38600, 0.8965500000000001, 0.04322346029646401]
[[24300, -1], [38600, 3], [34900, 2], [30000, 1], [28500, 4], [25500, 5], [33800, 0], 1, 0, [5, 2, 2, 3, 2, 2, 5], [0, 2, 4, 6, 8, 10, 12], 24300, 38600, 0.8965500000000001, 0.04322346029646401]
[[17000, -1], [29800, 2], [15000, 1], [8800, 0], [1800, 3], 1, 1, [2, 2, 0, 2, 2], [0, 3, 6, 9, 12], 17000, 29800, 0.8983000000000001, 0.06040662215353546]
[[17000, -1], [39200, 0], [44200, 1], [24700, 2], [13300, 3], [6400, 4], 1, 0, [3, 4, 4, 4, 4, 3], [0, 3, 5, 7, 9, 12], 17000, 44200, 0.9035, 0.04322346029646401]
[[17000, -1], [39200, 1], [36700, 4], [52500, 2], [36100, 0], [10900, 3], 1, 0, [4, 3, 4, 4, 3, 4], [0, 3, 5, 7, 9, 12], 17000, 52500, 0.9035, 0.04322346029646401]
[[17000, -1], [39200, 2], [34100, 3], [52500, 1], [30800, 0], [6400, 4], 1, 0, [4, 4, 3, 3, 4, 4], [0, 3, 5, 7, 9, 12], 17000, 52500, 0.9035, 0.04322346029646401]
[[24400, -1], [39200, 2], [30300, 0], [16500, 1], [16600, 4], [13800, 3], [1700, 5], 1, 0, [3, 3, 3, 4, 3, 3, 3], [0, 2, 4, 6, 8, 10, 12], 24400, 39200, 0.9035, 0.04322346029646401]
[[24400, -1], [39200, 1], [26400, 0], [21000, 3], [22900, 2], [9100, 4], [1700, 5], 1, 0, [3, 3, 4, 2, 4, 3, 3], [0, 2, 4, 6, 8, 10, 12], 24400, 39200, 0.9035, 0.04322346029646401]
[[24400, -1], [39200, 0], [29100, 2], [34400, 4], [34500, 1], [13900, 3], [4100, 5], 1, 0, [3, 4, 2, 4, 2, 4, 3], [0, 2, 4, 6, 8, 10, 12], 24400, 39200, 0.9035, 0.04322346029646401]
[[24400, -1], [39200, 2], [30600, 0], [25700, 3], [26000, 4], [24400, 1], [4100, 5], 1, 0, [3, 4, 3, 2, 3, 4, 3], [0, 2, 4, 6, 8, 10, 12], 24400, 39200, 0.9035, 0.04322346029646401]
[[24400, -1], [39200, 2], [33000, 1], [32100, 4], [28900, 5], [39400, 3], [26300, 0], 1, 0, [4, 2, 3, 4, 3, 2, 4], [0, 2, 4, 6, 8, 10, 12], 24400, 39400, 0.9035, 0.04322346029646401]
[[24400, -1], [41100, 3], [37400, 1], [36900, 5], [52500, 2], [33200, 0], [8600, 4], 1, 0, [4, 2, 4, 2, 4, 2, 4], [0, 2, 4, 6, 8, 10, 12], 24400, 52500, 0.9035, 0.04322346029646401]
[[24400, -1], [39200, 1], [32400, 2], [33600, 4], [30600, 5], [39400, 3], [26300, 0], 1, 0, [4, 3, 2, 4, 2, 3, 4], [0, 2, 4, 6, 8, 10, 12], 24400, 39400, 0.9035, 0.04322346029646401]
[[24400, -1], [39200, 2], [31700, 1], [28100, 3], [26100, 4], [22200, 5], [26300, 0], 1, 0, [4, 3, 3, 2, 3, 3, 4], [0, 2, 4, 6, 8, 10, 12], 24400, 39200, 0.9035, 0.04322346029646401]
[[33300, -1], [39200, 2], [29300, 0], [18500, 1], [24200, 3], [12500, 4], [2500, 5], [600, 6], 1, 0, [2, 2, 3, 4, 4, 3, 2, 2], [0, 1, 3, 5, 7, 9, 11, 12], 33300, 39200, 0.9035, 0.04322346029646401]
[[33300, -1], [39200, 3], [33600, 0], [23200, 1], [24300, 4], [23400, 2], [6100, 5], [600, 6], 1, 0, [2, 2, 4, 3, 3, 4, 2, 2], [0, 1, 3, 5, 7, 9, 11, 12], 33300, 39200, 0.9035, 0.04322346029646401]
[[33300, -1], [39200, 1], [25200, 0], [17300, 2], [23900, 3], [12000, 4], [1800, 5], [800, 6], 1, 0, [2, 3, 2, 4, 4, 2, 3, 2], [0, 1, 3, 5, 7, 9, 11, 12], 33300, 39200, 0.9035, 0.04322346029646401]
[[33300, -1], [39200, 3], [32400, 1], [19900, 0], [11900, 2], [5400, 4], [2500, 5], [800, 6], 1, 0, [2, 3, 3, 3, 3, 3, 3, 2], [0, 1, 3, 5, 7, 9, 11, 12], 33300, 39200, 0.9035, 0.04322346029646401]
[[33300, -1], [39200, 0], [24500, 1], [17300, 2], [24000, 3], [12200, 4], [1900, 5], [600, 6], 1, 0, [3, 2, 2, 4, 4, 2, 2, 3], [0, 1, 3, 5, 7, 9, 11, 12], 33300, 39200, 0.9035, 0.04322346029646401]
[[33300, -1], [39200, 3], [32300, 0], [19300, 1], [11900, 2], [5500, 4], [2600, 5], [600, 6], 1, 0, [3, 2, 3, 3, 3, 3, 2, 3], [0, 1, 3, 5, 7, 9, 11, 12], 33300, 39200, 0.9035, 0.04322346029646401]
[[33300, -1], [39200, 3], [32400, 0], [19200, 1], [9000, 2], [5200, 4], [1900, 5], [800, 6], 1, 0, [3, 3, 2, 3, 3, 2, 3, 3], [0, 1, 3, 5, 7, 9, 11, 12], 33300, 39200, 0.9035, 0.04322346029646401]
[[33300, -1], [39200, 2], [29500, 0], [16500, 1], [7400, 3], [4300, 4], [2600, 5], [800, 6], 1, 0, [3, 3, 3, 2, 2, 3, 3, 3], [0, 1, 3, 5, 7, 9, 11, 12], 33300, 39200, 0.9035, 0.04322346029646401]
[[33300, -1], [39200, 0], [29400, 2], [26700, 3], [26400, 4], [27100, 1], [1900, 5], [1800, 6], 1, 0, [3, 4, 2, 2, 2, 2, 4, 3], [0, 1, 3, 5, 7, 9, 11, 12], 33300, 39200, 0.9035, 0.04322346029646401]
[[33300, -1], [39200, 3], [34100, 4], [29900, 2], [24100, 1], [24500, 5], [21500, 6], [26300, 0], 1, 0, [4, 2, 2, 3, 3, 2, 2, 4], [0, 1, 3, 5, 7, 9, 11, 12], 33300, 39200, 0.9035, 0.04322346029646401]
[[33300, -1], [39200, 2], [31600, 1], [28300, 3], [27300, 4], [25500, 5], [21500, 6], [26300, 0], 1, 0, [4, 2, 3, 2, 2, 3, 2, 4], [0, 1, 3, 5, 7, 9, 11, 12], 33300, 39200, 0.9035, 0.04322346029646401]
[[33300, -1], [39200, 1], [30800, 2], [27900, 3], [27000, 4], [26700, 5], [23600, 6], [26300, 0], 1, 0, [4, 3, 2, 2, 2, 2, 3, 4], [0, 1, 3, 5, 7, 9, 11, 12], 33300, 39200, 0.9035, 0.04322346029646401]
[[24400, -1], [39200, 1], [25900, 0], [32900, 2], [17700, 3], [8800, 4], [1700, 5], 1, 0, [2, 3, 4, 4, 4, 3, 2], [0, 2, 4, 6, 8, 10, 12], 24400, 39200, 0.9035000000000001, 0.04322346029646401]
[[24400, -1], [39200, 2], [31300, 0], [33300, 4], [35300, 1], [13800, 3], [4100, 5], 1, 0, [2, 4, 3, 4, 3, 4, 2], [0, 2, 4, 6, 8, 10, 12], 24400, 39200, 0.9035000000000001, 0.04322346029646401]
[[24400, -1], [41100, 3], [37400, 0], [46100, 6], [52500, 2], [31100, 1], [6600, 4], [5100, 5], 1, 0, [2, 4, 4, 2, 4, 4, 2], [0, 2, 4, 6, 8, 10, 12], 24400, 52500, 0.9035000000000001, 0.04322346029646401]
[[24400, -1], [39200, 0], [24100, 1], [32900, 2], [18100, 3], [9000, 4], [1200, 5], 1, 0, [3, 2, 4, 4, 4, 2, 3], [0, 2, 4, 6, 8, 10, 12], 24400, 39200, 0.9035000000000001, 0.04322346029646401]
[[33300, -1], [39200, 1], [26100, 0], [23000, 3], [24200, 4], [23200, 2], [6000, 5], [800, 6], 1, 0, [2, 3, 4, 2, 2, 4, 3, 2], [0, 1, 3, 5, 7, 9, 11, 12], 33300, 39200, 0.9035000000000001, 0.04322346029646401]
[[33300, -1], [39200, 3], [33900, 0], [26700, 2], [26000, 4], [25100, 5], [23700, 7], [26300, 1], [2000, 6], 1, 0, [2, 4, 2, 3, 3, 2, 4, 2], [0, 1, 3, 5, 7, 9, 11, 12], 33300, 39200, 0.9035000000000001, 0.04322346029646401]
[[33300, -1], [39200, 2], [30700, 0], [27300, 3], [26900, 4], [26100, 5], [23700, 7], [26300, 1], [2000, 6], 1, 0, [2, 4, 3, 2, 2, 3, 4, 2], [0, 1, 3, 5, 7, 9, 11, 12], 33300, 39200, 0.9035000000000001, 0.04322346029646401]
[[33300, -1], [39200, 0], [25500, 1], [22900, 3], [24000, 4], [23100, 2], [6200, 5], [600, 6], 1, 0, [3, 2, 4, 2, 2, 4, 2, 3], [0, 1, 3, 5, 7, 9, 11, 12], 33300, 39200, 0.9035000000000001, 0.04322346029646401]
[[17000, -1], [31200, 2], [27400, 0], [31000, 1], [8200, 3], 1, 1, [2, 5, 2, 5, 2], [0, 3, 6, 9, 12], 17000, 31200, 0.9035000000000001, 0.06040662215353546]
[[17000, -1], [31200, 2], [27400, 1], [24700, 3], [33800, 0], 1, 1, [5, 2, 2, 2, 5], [0, 3, 6, 9, 12], 17000, 33800, 0.9035000000000001, 0.06040662215353546]
[[24400, -1], [41100, 3], [37400, 2], [34300, 4], [52500, 1], [28800, 0], [4100, 5], 1, 0, [4, 4, 2, 2, 2, 4, 4], [0, 2, 4, 6, 8, 10, 12], 24400, 52500, 0.9035000000000002, 0.04322346029646401]
[[17100, -1], [30300, 2], [25000, 0], [23400, 1], [6400, 3], 1, 1, [3, 4, 3, 4, 3], [0, 3, 6, 9, 12], 17100, 30300, 0.91045, 0.06040662215353546]
[[38500, -1], [30300, 3], [25000, 1], [14200, 0], [6600, 2], [2800, 4], [1700, 5], 1, 1, [2, 3, 2, 3, 2, 3, 2], [0, 2, 4, 6, 8, 10, 12], 38500, 38500, 0.91045, 0.06040662215353546]
[[38500, -1], [30300, 3], [25000, 0], [12600, 1], [6500, 2], [2800, 4], [1200, 5], 1, 1, [3, 2, 2, 3, 2, 2, 3], [0, 2, 4, 6, 8, 10, 12], 38500, 38500, 0.91045, 0.06040662215353546]
[[17100, -1], [30300, 2], [25000, 1], [21100, 3], [26300, 0], 1, 1, [4, 3, 3, 3, 4], [0, 3, 6, 9, 12], 17100, 30300, 0.9104500000000001, 0.06040662215353546]
[[38500, -1], [30300, 3], [25000, 2], [17400, 0], [8600, 1], [3700, 4], [1200, 5], 1, 1, [2, 2, 3, 3, 3, 2, 2], [0, 2, 4, 6, 8, 10, 12], 38500, 38500, 0.9104500000000001, 0.06040662215353546]
[[24800, -1], [40500, 3], [25000, 2], [17400, 0], [8600, 1], [3700, 4], [1200, 5], 1, 0, [2, 2, 3, 0, 3, 2, 2], [0, 2, 4, 6, 8, 10, 12], 24800, 40500, 0.9122000000000001, 0.04322346029646401]
[[24800, -1], [40500, 3], [25000, 1], [14200, 0], [6600, 2], [2800, 4], [1700, 5], 1, 0, [2, 3, 2, 0, 2, 3, 2], [0, 2, 4, 6, 8, 10, 12], 24800, 40500, 0.9122000000000001, 0.04322346029646401]
[[24800, -1], [40500, 3], [25000, 0], [12600, 1], [6500, 2], [2800, 4], [1200, 5], 1, 0, [3, 2, 2, 0, 2, 2, 3], [0, 2, 4, 6, 8, 10, 12], 24800, 40500, 0.9122000000000001, 0.04322346029646401]
[[17300, -1], [42400, 0], [52400, 1], [24500, 2], [13200, 3], [8200, 4], 1, 0, [2, 5, 4, 4, 5, 2], [0, 3, 5, 7, 9, 12], 17300, 52400, 0.9174, 0.04322346029646401]
[[17300, -1], [40400, 1], [28300, 0], [31000, 2], [15700, 3], [2600, 4], 1, 0, [3, 3, 5, 5, 3, 3], [0, 3, 5, 7, 9, 12], 17300, 40400, 0.9174, 0.04322346029646401]
[[17300, -1], [40400, 2], [33100, 0], [29000, 3], [30400, 1], [8200, 4], 1, 0, [3, 5, 3, 3, 5, 3], [0, 3, 5, 7, 9, 12], 17300, 40400, 0.9174, 0.04322346029646401]
[[17300, -1], [42400, 1], [40900, 4], [59100, 2], [39000, 0], [14000, 3], 1, 0, [4, 2, 5, 5, 2, 4], [0, 3, 5, 7, 9, 12], 17300, 59100, 0.9174, 0.04322346029646401]
[[17300, -1], [42400, 2], [38800, 3], [59100, 1], [31800, 0], [8200, 4], 1, 0, [4, 5, 2, 2, 5, 4], [0, 3, 5, 7, 9, 12], 17300, 59100, 0.9174, 0.04322346029646401]
[[17300, -1], [42400, 1], [40400, 4], [59100, 0], [23200, 2], [10900, 3], 1, 0, [5, 2, 4, 4, 2, 5], [0, 3, 5, 7, 9, 12], 17300, 59100, 0.9174, 0.04322346029646401]
[[17300, -1], [40400, 2], [34300, 1], [30000, 3], [25800, 4], [33800, 0], 1, 0, [5, 3, 3, 3, 3, 5], [0, 3, 5, 7, 9, 12], 17300, 40400, 0.9174, 0.04322346029646401]
[[24800, -1], [40400, 1], [27200, 0], [26500, 3], [29600, 2], [11000, 4], [1700, 5], 1, 0, [2, 3, 5, 2, 5, 3, 2], [0, 2, 4, 6, 8, 10, 12], 24800, 40400, 0.9174, 0.04322346029646401]
[[24800, -1], [40400, 2], [32900, 0], [30700, 3], [29900, 4], [31500, 6], [33800, 1], [5000, 5], 1, 0, [2, 5, 3, 2, 3, 5, 2], [0, 2, 4, 6, 8, 10, 12], 24800, 40400, 0.9174, 0.04322346029646401]
[[24800, -1], [40400, 0], [25500, 1], [26200, 3], [29500, 2], [11300, 4], [1200, 5], 1, 0, [3, 2, 5, 2, 5, 2, 3], [0, 2, 4, 6, 8, 10, 12], 24800, 40400, 0.9174, 0.04322346029646401]
[[24800, -1], [40400, 2], [34700, 1], [32100, 3], [29100, 4], [25500, 5], [33800, 0], 1, 0, [5, 2, 3, 2, 3, 2, 5], [0, 2, 4, 6, 8, 10, 12], 24800, 40400, 0.9174, 0.04322346029646401]
[[17300, -1], [32400, 0], [37800, 1], [18800, 2], [6400, 3], 1, 1, [2, 4, 5, 4, 2], [0, 3, 6, 9, 12], 17300, 37800, 0.9174, 0.06040662215353546]
[[17300, -1], [30900, 1], [20300, 0], [18700, 2], [2600, 3], 1, 1, [3, 3, 5, 3, 3], [0, 3, 6, 9, 12], 17300, 30900, 0.9174, 0.06040662215353546]
[[38800, -1], [22500, 2], [17500, 0], [8500, 1], [3900, 3], [1800, 4], 1, 2, [2, 2, 2, 2, 2, 2], [0, 3, 5, 7, 9, 12], 38800, 38800, 0.9174, 0.07940656698283839]
[[17300, -1], [42400, 0], [52700, 1], [30900, 2], [15600, 3], [6400, 4], 1, 0, [2, 4, 5, 5, 4, 2], [0, 3, 5, 7, 9, 12], 17300, 52700, 0.9174000000000001, 0.04322346029646401]
[[17300, -1], [42400, 2], [38800, 3], [59100, 0], [22900, 1], [6400, 4], 1, 0, [5, 4, 2, 2, 4, 5], [0, 3, 5, 7, 9, 12], 17300, 59100, 0.9174000000000001, 0.04322346029646401]
[[24800, -1], [42400, 1], [31200, 0], [39600, 2], [18800, 3], [11100, 4], [1200, 5], 1, 0, [2, 2, 5, 4, 5, 2, 2], [0, 2, 4, 6, 8, 10, 12], 24800, 42400, 0.9174000000000001, 0.04322346029646401]
[[24800, -1], [42400, 2], [35900, 0], [37800, 4], [41900, 6], [46500, 1], [13200, 3], [5000, 5], 1, 0, [2, 5, 2, 4, 2, 5, 2], [0, 2, 4, 6, 8, 10, 12], 24800, 46500, 0.9174000000000001, 0.04322346029646401]
[[24800, -1], [40400, 0], [31100, 2], [30000, 3], [31000, 4], [31700, 1], [5200, 5], 1, 0, [3, 5, 2, 2, 2, 5, 3], [0, 2, 4, 6, 8, 10, 12], 24800, 40400, 0.9174000000000001, 0.04322346029646401]
[[24800, -1], [42400, 2], [37200, 1], [36400, 4], [33600, 5], [46500, 0], [13200, 3], 1, 0, [5, 2, 2, 4, 2, 2, 5], [0, 2, 4, 6, 8, 10, 12], 24800, 46500, 0.9174000000000001, 0.04322346029646401]
[[24800, -1], [40400, 1], [34200, 2], [31900, 3], [30500, 4], [26900, 5], [33800, 0], 1, 0, [5, 3, 2, 2, 2, 3, 5], [0, 2, 4, 6, 8, 10, 12], 24800, 40400, 0.9174000000000001, 0.04322346029646401]
[[33800, -1], [42400, 2], [33900, 0], [22100, 1], [30500, 3], [15000, 4], [1800, 5], [600, 6], 1, 0, [2, 2, 2, 5, 5, 2, 2, 2], [0, 1, 3, 5, 7, 9, 11, 12], 33800, 42400, 0.9174000000000001, 0.04322346029646401]
[[33800, -1], [42400, 3], [37300, 0], [26800, 1], [29600, 4], [30300, 2], [7800, 5], [600, 6], 1, 0, [2, 2, 5, 2, 2, 5, 2, 2], [0, 1, 3, 5, 7, 9, 11, 12], 33800, 42400, 0.9174000000000001, 0.04322346029646401]
[[33800, -1], [42400, 3], [37600, 0], [30600, 2], [30900, 4], [30300, 5], [28700, 7], [33800, 1], [3400, 6], 1, 0, [2, 5, 2, 2, 2, 2, 5, 2], [0, 1, 3, 5, 7, 9, 11, 12], 33800, 42400, 0.9174000000000001, 0.04322346029646401]
[[33800, -1], [42400, 3], [37900, 1], [31700, 2], [31100, 4], [29700, 5], [26500, 6], [33800, 0], 1, 0, [5, 2, 2, 2, 2, 2, 2, 5], [0, 1, 3, 5, 7, 9, 11, 12], 33800, 42400, 0.9174000000000001, 0.04322346029646401]
[[17300, -1], [32400, 1], [30400, 3], [42200, 2], [26300, 0], 1, 1, [4, 2, 5, 2, 4], [0, 3, 6, 9, 12], 17300, 42200, 0.9174000000000001, 0.06040662215353546]
[[38800, -1], [32400, 2], [25700, 0], [15000, 1], [19500, 3], [2700, 4], [1200, 5], 1, 1, [2, 2, 2, 5, 2, 2, 2], [0, 2, 4, 6, 8, 10, 12], 38800, 38800, 0.9174000000000001, 0.06040662215353546]
[[25000, -1], [41000, 3], [35600, 1], [23600, 0], [22900, 2], [9100, 4], [1700, 5], 1, 0, [3, 3, 4, 3, 4, 3, 3], [0, 2, 4, 6, 8, 10, 12], 25000, 41000, 0.92435, 0.04322346029646401]
[[25000, -1], [41000, 3], [35600, 2], [27300, 0], [26000, 4], [24400, 1], [4100, 5], 1, 0, [3, 4, 3, 3, 3, 4, 3], [0, 2, 4, 6, 8, 10, 12], 25000, 41000, 0.92435, 0.04322346029646401]
[[25000, -1], [41000, 3], [37400, 1], [36900, 5], [52500, 2], [33200, 0], [8600, 4], 1, 0, [4, 2, 4, 3, 4, 2, 4], [0, 2, 4, 6, 8, 10, 12], 25000, 52500, 0.92435, 0.04322346029646401]
[[25000, -1], [41000, 3], [35600, 2], [28300, 1], [26100, 4], [22200, 5], [26300, 0], 1, 0, [4, 3, 3, 3, 3, 3, 4], [0, 2, 4, 6, 8, 10, 12], 25000, 41000, 0.92435, 0.04322346029646401]
[[25000, -1], [41000, 3], [37400, 2], [34300, 4], [52500, 1], [28800, 0], [4100, 5], 1, 0, [4, 4, 2, 3, 2, 4, 4], [0, 2, 4, 6, 8, 10, 12], 25000, 52500, 0.92435, 0.04322346029646401]
[[17400, -1], [31500, 2], [27400, 0], [31000, 1], [8200, 3], 1, 1, [2, 5, 3, 5, 2], [0, 3, 6, 9, 12], 17400, 31500, 0.92435, 0.06040662215353546]
[[17400, -1], [31500, 2], [27400, 1], [24700, 3], [33800, 0], 1, 1, [5, 2, 3, 2, 5], [0, 3, 6, 9, 12], 17400, 33800, 0.92435, 0.06040662215353546]
[[25000, -1], [41000, 3], [37400, 0], [46100, 6], [52500, 2], [31100, 1], [6600, 4], [5100, 5], 1, 0, [2, 4, 4, 3, 4, 4, 2], [0, 2, 4, 6, 8, 10, 12], 25000, 52500, 0.9243500000000001, 0.04322346029646401]
[[25300, -1], [40100, 3], [22500, 2], [16700, 0], [8100, 1], [2700, 4], [1200, 5], 1, 0, [2, 2, 2, 1, 2, 2, 2], [0, 2, 4, 6, 8, 10, 12], 25300, 40100, 0.929, 0.04322346029646401]
[[25200, -1], [41600, 1], [27800, 0], [36200, 2], [21300, 3], [8800, 4], [1700, 5], 1, 0, [2, 3, 4, 5, 4, 3, 2], [0, 2, 4, 6, 8, 10, 12], 25200, 41600, 0.9313, 0.04322346029646401]
[[25200, -1], [41600, 2], [33500, 0], [36200, 4], [38900, 1], [17500, 3], [4100, 5], 1, 0, [2, 4, 3, 5, 3, 4, 2], [0, 2, 4, 6, 8, 10, 12], 25200, 41600, 0.9313, 0.04322346029646401]
[[25200, -1], [41600, 0], [26000, 1], [36200, 2], [21700, 3], [9000, 4], [1200, 5], 1, 0, [3, 2, 4, 5, 4, 2, 3], [0, 2, 4, 6, 8, 10, 12], 25200, 41600, 0.9313, 0.04322346029646401]
[[25200, -1], [41600, 2], [32400, 0], [18100, 1], [20700, 3], [3900, 4], [1700, 5], 1, 0, [3, 3, 3, 5, 3, 3, 3], [0, 2, 4, 6, 8, 10, 12], 25200, 41600, 0.9313, 0.04322346029646401]
[[25200, -1], [41600, 0], [31300, 2], [37400, 4], [37800, 1], [17700, 3], [4100, 5], 1, 0, [3, 4, 2, 5, 2, 4, 3], [0, 2, 4, 6, 8, 10, 12], 25200, 41600, 0.9313, 0.04322346029646401]
[[25200, -1], [41600, 2], [35300, 1], [34700, 4], [31700, 5], [42200, 3], [26300, 0], 1, 0, [4, 2, 3, 5, 3, 2, 4], [0, 2, 4, 6, 8, 10, 12], 25200, 42200, 0.9313, 0.04322346029646401]
[[25200, -1], [41600, 1], [34700, 2], [36400, 4], [33400, 5], [42200, 3], [26300, 0], 1, 0, [4, 3, 2, 5, 2, 3, 4], [0, 2, 4, 6, 8, 10, 12], 25200, 42200, 0.9313, 0.04322346029646401]
[[17500, -1], [32100, 0], [33400, 1], [15400, 2], [6400, 3], 1, 1, [3, 4, 4, 4, 3], [0, 3, 6, 9, 12], 17500, 33400, 0.9313, 0.06040662215353546]
[[17500, -1], [32100, 1], [28900, 3], [39400, 2], [26300, 0], 1, 1, [4, 3, 4, 3, 4], [0, 3, 6, 9, 12], 17500, 39400, 0.9313, 0.06040662215353546]
[[27300, -1], [32100, 1], [20800, 0], [24200, 2], [12400, 3], [2600, 4], 1, 1, [2, 3, 4, 4, 3, 2], [0, 3, 5, 7, 9, 12], 27300, 32100, 0.9313, 0.06040662215353546]
[[27300, -1], [32100, 2], [25800, 0], [22900, 3], [23800, 1], [6400, 4], 1, 1, [2, 4, 3, 3, 4, 2], [0, 3, 5, 7, 9, 12], 27300, 32100, 0.9313, 0.06040662215353546]
[[27300, -1], [32100, 0], [17800, 1], [24100, 2], [12200, 3], [1800, 4], 1, 1, [3, 2, 4, 4, 2, 3], [0, 3, 5, 7, 9, 12], 27300, 32100, 0.9313, 0.06040662215353546]
[[27300, -1], [32100, 2], [25000, 0], [12100, 1], [5500, 3], [2600, 4], 1, 1, [3, 3, 3, 3, 3, 3], [0, 3, 5, 7, 9, 12], 27300, 32100, 0.9313, 0.06040662215353546]
[[27300, -1], [32100, 0], [22600, 2], [22800, 3], [23400, 1], [6400, 4], 1, 1, [3, 4, 2, 2, 4, 3], [0, 3, 5, 7, 9, 12], 27300, 32100, 0.9313, 0.06040662215353546]
[[27300, -1], [32100, 2], [27000, 3], [22500, 1], [19700, 4], [26300, 0], 1, 1, [4, 2, 3, 3, 2, 4], [0, 3, 5, 7, 9, 12], 27300, 32100, 0.9313, 0.06040662215353546]
[[27300, -1], [32100, 1], [26700, 2], [24500, 3], [21100, 4], [26300, 0], 1, 1, [4, 3, 2, 2, 3, 4], [0, 3, 5, 7, 9, 12], 27300, 32100, 0.9313, 0.06040662215353546]
[[39300, -1], [32100, 2], [23800, 0], [13600, 1], [16800, 3], [3700, 4], [1200, 5], 1, 1, [2, 2, 3, 4, 3, 2, 2], [0, 2, 4, 6, 8, 10, 12], 39300, 39300, 0.9313, 0.06040662215353546]
[[39300, -1], [32100, 1], [19800, 0], [12100, 2], [15800, 3], [2800, 4], [1700, 5], 1, 1, [2, 3, 2, 4, 2, 3, 2], [0, 2, 4, 6, 8, 10, 12], 39300, 39300, 0.9313, 0.06040662215353546]
[[39300, -1], [32100, 2], [24100, 1], [12600, 0], [5900, 3], [3700, 4], [1700, 5], 1, 1, [2, 3, 3, 2, 3, 3, 2], [0, 2, 4, 6, 8, 10, 12], 39300, 39300, 0.9313, 0.06040662215353546]
[[39300, -1], [33700, 3], [29900, 2], [24000, 0], [23900, 4], [24700, 1], [4100, 5], 1, 1, [2, 4, 2, 2, 2, 4, 2], [0, 2, 4, 6, 8, 10, 12], 39300, 39300, 0.9313, 0.06040662215353546]
[[39300, -1], [32100, 0], [18000, 1], [12100, 2], [15700, 4], [13600, 3], [1200, 5], 1, 1, [3, 2, 2, 4, 2, 2, 3], [0, 2, 4, 6, 8, 10, 12], 39300, 39300, 0.9313, 0.06040662215353546]
[[39300, -1], [32100, 2], [23600, 0], [10900, 1], [6000, 3], [3800, 4], [1200, 5], 1, 1, [3, 2, 3, 2, 3, 2, 3], [0, 2, 4, 6, 8, 10, 12], 39300, 39300, 0.9313, 0.06040662215353546]
[[39300, -1], [32100, 1], [20400, 0], [9300, 2], [5400, 3], [2900, 4], [1700, 5], 1, 1, [3, 3, 2, 2, 2, 3, 3], [0, 2, 4, 6, 8, 10, 12], 39300, 39300, 0.9313, 0.06040662215353546]
[[53500, -1], [32100, 3], [26300, 0], [16600, 1], [9100, 2], [5100, 4], [1800, 5], [600, 6], 1, 1, [2, 2, 2, 3, 3, 2, 2, 2], [0, 1, 3, 5, 7, 9, 11, 12], 53500, 53500, 0.9313, 0.06040662215353546]
[[53500, -1], [32100, 2], [23000, 0], [13400, 1], [7300, 3], [4200, 4], [2500, 5], [600, 6], 1, 1, [2, 2, 3, 2, 2, 3, 2, 2], [0, 1, 3, 5, 7, 9, 11, 12], 53500, 53500, 0.9313, 0.06040662215353546]
[[53500, -1], [32100, 1], [19600, 0], [11900, 2], [7100, 3], [3900, 4], [1800, 5], [800, 6], 1, 1, [2, 3, 2, 2, 2, 2, 3, 2], [0, 1, 3, 5, 7, 9, 11, 12], 53500, 53500, 0.9313, 0.06040662215353546]
[[53500, -1], [32100, 0], [18900, 1], [11900, 2], [7200, 3], [4000, 4], [1900, 5], [600, 6], 1, 1, [3, 2, 2, 2, 2, 2, 2, 3], [0, 1, 3, 5, 7, 9, 11, 12], 53500, 53500, 0.9313, 0.06040662215353546]
[[17500, -1], [33700, 2], [52500, 1], [30800, 0], [6400, 3], 1, 1, [4, 4, 2, 4, 4], [0, 3, 6, 9, 12], 17500, 52500, 0.9313000000000001, 0.06040662215353546]
[[39300, -1], [33700, 3], [29900, 1], [20700, 0], [23000, 2], [8800, 4], [1200, 5], 1, 1, [2, 2, 4, 2, 4, 2, 2], [0, 2, 4, 6, 8, 10, 12], 39300, 39300, 0.9313000000000001, 0.06040662215353546]
[[39300, -1], [33700, 3], [29900, 2], [24900, 1], [23400, 4], [20500, 5], [26300, 0], 1, 1, [4, 2, 2, 2, 2, 2, 4], [0, 2, 4, 6, 8, 10, 12], 39300, 39300, 0.9313000000000001, 0.06040662215353546]
[[25400, -1], [42200, 3], [36800, 1], [24300, 0], [29600, 2], [11000, 4], [1700, 5], 1, 0, [2, 3, 5, 3, 5, 3, 2], [0, 2, 4, 6, 8, 10, 12], 25400, 42200, 0.93825, 0.04322346029646401]
[[25400, -1], [42200, 3], [36800, 2], [29600, 0], [29900, 4], [31500, 6], [33800, 1], [5000, 5], 1, 0, [2, 5, 3, 3, 3, 5, 2], [0, 2, 4, 6, 8, 10, 12], 25400, 42200, 0.93825, 0.04322346029646401]
[[25400, -1], [42200, 3], [36800, 0], [22700, 1], [29500, 2], [11300, 4], [1200, 5], 1, 0, [3, 2, 5, 3, 5, 2, 3], [0, 2, 4, 6, 8, 10, 12], 25400, 42200, 0.93825, 0.04322346029646401]
[[25400, -1], [42200, 3], [36800, 0], [27700, 2], [31000, 4], [31700, 1], [5200, 5], 1, 0, [3, 5, 2, 3, 2, 5, 3], [0, 2, 4, 6, 8, 10, 12], 25400, 42200, 0.93825, 0.04322346029646401]
[[25400, -1], [42200, 3], [36800, 2], [31100, 1], [29100, 4], [25500, 5], [33800, 0], 1, 0, [5, 2, 3, 3, 3, 2, 5], [0, 2, 4, 6, 8, 10, 12], 25400, 42200, 0.93825, 0.04322346029646401]
[[25400, -1], [42200, 3], [36800, 1], [30600, 2], [30500, 4], [26900, 5], [33800, 0], 1, 0, [5, 3, 2, 3, 2, 3, 5], [0, 2, 4, 6, 8, 10, 12], 25400, 42200, 0.93825, 0.04322346029646401]
[[17800, -1], [33300, 2], [17800, 1], [9200, 0], [2600, 3], 1, 1, [2, 3, 0, 3, 2], [0, 3, 6, 9, 12], 17800, 33300, 0.9400000000000001, 0.06040662215353546]
[[17800, -1], [33300, 2], [17800, 0], [6500, 1], [1800, 3], 1, 1, [3, 2, 0, 2, 3], [0, 3, 6, 9, 12], 17800, 33300, 0.9400000000000001, 0.06040662215353546]
[[17800, -1], [78700, 5], [43400, 4], [24800, 3], [13500, 2], [6400, 1], 1, 0, [4, 4, 4, 4, 4, 4], [0, 3, 5, 7, 9, 12], 17800, 78700, 0.9452, 0.04322346029646401]
[[25600, -1], [44900, 1], [33200, 0], [42900, 2], [22400, 3], [11100, 4], [1200, 5], 1, 0, [2, 2, 5, 5, 5, 2, 2], [0, 2, 4, 6, 8, 10, 12], 25600, 44900, 0.9452, 0.04322346029646401]
[[25600, -1], [44900, 0], [56700, 6], [65600, 3], [52500, 2], [31100, 1], [6600, 4], [5100, 5], 1, 0, [2, 4, 4, 4, 4, 4, 2], [0, 2, 4, 6, 8, 10, 12], 25600, 65600, 0.9452, 0.04322346029646401]
[[25600, -1], [44900, 2], [38200, 0], [40700, 4], [45300, 6], [50700, 3], [33800, 1], [5000, 5], 1, 0, [2, 5, 2, 5, 2, 5, 2], [0, 2, 4, 6, 8, 10, 12], 25600, 50700, 0.9452, 0.04322346029646401]
[[25600, -1], [42800, 1], [29300, 0], [32800, 2], [18100, 3], [9100, 4], [1700, 5], 1, 0, [3, 3, 4, 4, 4, 3, 3], [0, 2, 4, 6, 8, 10, 12], 25600, 42800, 0.9452, 0.04322346029646401]
[[25600, -1], [42800, 2], [33800, 0], [34800, 4], [34500, 1], [13900, 3], [4100, 5], 1, 0, [3, 4, 3, 4, 3, 4, 3], [0, 2, 4, 6, 8, 10, 12], 25600, 42800, 0.9452, 0.04322346029646401]
[[25600, -1], [42800, 0], [37100, 3], [46300, 1], [22900, 2], [9200, 4], [4100, 5], 1, 0, [3, 4, 4, 2, 4, 4, 3], [0, 2, 4, 6, 8, 10, 12], 25600, 46300, 0.9452, 0.04322346029646401]
[[25600, -1], [44900, 1], [45100, 5], [65600, 3], [52500, 2], [33200, 0], [8600, 4], 1, 0, [4, 2, 4, 4, 4, 2, 4], [0, 2, 4, 6, 8, 10, 12], 25600, 65600, 0.9452, 0.04322346029646401]
[[25600, -1], [42800, 2], [35000, 1], [34100, 4], [30600, 5], [39400, 3], [26300, 0], 1, 0, [4, 3, 3, 4, 3, 3, 4], [0, 2, 4, 6, 8, 10, 12], 25600, 42800, 0.9452, 0.04322346029646401]
[[25600, -1], [42800, 1], [38500, 3], [38400, 5], [52500, 2], [33200, 0], [8600, 4], 1, 0, [4, 3, 4, 2, 4, 3, 4], [0, 2, 4, 6, 8, 10, 12], 25600, 52500, 0.9452, 0.04322346029646401]
[[25600, -1], [44900, 2], [41900, 4], [65600, 3], [52500, 1], [28800, 0], [4100, 5], 1, 0, [4, 4, 2, 4, 2, 4, 4], [0, 2, 4, 6, 8, 10, 12], 25600, 65600, 0.9452, 0.04322346029646401]
[[25600, -1], [42800, 2], [38400, 4], [33700, 3], [52500, 1], [28800, 0], [4100, 5], 1, 0, [4, 4, 3, 2, 3, 4, 4], [0, 2, 4, 6, 8, 10, 12], 25600, 52500, 0.9452, 0.04322346029646401]
[[25600, -1], [44900, 2], [39600, 1], [39100, 4], [36300, 5], [50700, 3], [33800, 0], 1, 0, [5, 2, 2, 5, 2, 2, 5], [0, 2, 4, 6, 8, 10, 12], 25600, 50700, 0.9452, 0.04322346029646401]
[[34800, -1], [44900, 1], [33200, 0], [43600, 2], [24500, 3], [13000, 4], [6100, 5], [600, 6], 1, 0, [2, 2, 4, 4, 4, 4, 2, 2], [0, 1, 3, 5, 7, 9, 11, 12], 34800, 44900, 0.9452, 0.04322346029646401]
[[34800, -1], [42800, 2], [32400, 1], [18600, 0], [24200, 3], [12600, 4], [2500, 5], [800, 6], 1, 0, [2, 3, 3, 4, 4, 3, 3, 2], [0, 1, 3, 5, 7, 9, 11, 12], 34800, 42800, 0.9452, 0.04322346029646401]
[[34800, -1], [42800, 3], [35900, 1], [23100, 0], [24700, 4], [23200, 2], [6000, 5], [800, 6], 1, 0, [2, 3, 4, 3, 3, 4, 3, 2], [0, 1, 3, 5, 7, 9, 11, 12], 34800, 42800, 0.9452, 0.04322346029646401]
[[34800, -1], [44900, 2], [37300, 0], [43200, 5], [43200, 7], [52500, 3], [35700, 1], [10500, 4], [2000, 6], 1, 0, [2, 4, 2, 4, 4, 2, 4, 2], [0, 1, 3, 5, 7, 9, 11, 12], 34800, 52500, 0.9452, 0.04322346029646401]
[[34800, -1], [42800, 3], [36500, 2], [27700, 0], [27400, 4], [26100, 5], [23700, 7], [26300, 1], [2000, 6], 1, 0, [2, 4, 3, 3, 3, 3, 4, 2], [0, 1, 3, 5, 7, 9, 11, 12], 34800, 42800, 0.9452, 0.04322346029646401]
[[34800, -1], [44900, 3], [40000, 0], [37900, 4], [41000, 7], [52500, 2], [29800, 1], [5300, 5], [2000, 6], 1, 0, [2, 4, 4, 2, 2, 4, 4, 2], [0, 1, 3, 5, 7, 9, 11, 12], 34800, 52500, 0.9452, 0.04322346029646401]
[[34800, -1], [42800, 2], [32000, 0], [18100, 1], [24400, 3], [12800, 4], [2600, 5], [600, 6], 1, 0, [3, 2, 3, 4, 4, 3, 2, 3], [0, 1, 3, 5, 7, 9, 11, 12], 34800, 42800, 0.9452, 0.04322346029646401]
[[34800, -1], [42800, 3], [35700, 0], [22500, 1], [24600, 4], [23100, 2], [6200, 5], [600, 6], 1, 0, [3, 2, 4, 3, 3, 4, 2, 3], [0, 1, 3, 5, 7, 9, 11, 12], 34800, 42800, 0.9452, 0.04322346029646401]
[[34800, -1], [42800, 1], [28500, 0], [17200, 2], [24000, 3], [12200, 4], [1900, 5], [800, 6], 1, 0, [3, 3, 2, 4, 4, 2, 3, 3], [0, 1, 3, 5, 7, 9, 11, 12], 34800, 42800, 0.9452, 0.04322346029646401]
[[34800, -1], [42800, 3], [35900, 0], [22300, 1], [11800, 2], [5500, 4], [2600, 5], [800, 6], 1, 0, [3, 3, 3, 3, 3, 3, 3, 3], [0, 1, 3, 5, 7, 9, 11, 12], 34800, 42800, 0.9452, 0.04322346029646401]
[[34800, -1], [42800, 1], [29100, 0], [22900, 3], [24500, 4], [23100, 2], [6200, 5], [800, 6], 1, 0, [3, 3, 4, 2, 2, 4, 3, 3], [0, 1, 3, 5, 7, 9, 11, 12], 34800, 42800, 0.9452, 0.04322346029646401]
[[34800, -1], [42800, 3], [36000, 0], [26600, 2], [26900, 4], [27100, 1], [1900, 5], [1800, 6], 1, 0, [3, 4, 2, 3, 3, 2, 4, 3], [0, 1, 3, 5, 7, 9, 11, 12], 34800, 42800, 0.9452, 0.04322346029646401]
[[34800, -1], [42800, 2], [33100, 0], [27600, 3], [27800, 4], [27800, 1], [2600, 5], [1800, 6], 1, 0, [3, 4, 3, 2, 2, 3, 4, 3], [0, 1, 3, 5, 7, 9, 11, 12], 34800, 42800, 0.9452, 0.04322346029646401]
[[34800, -1], [44900, 2], [38100, 1], [41800, 5], [39100, 6], [52500, 3], [36100, 0], [10900, 4], 1, 0, [4, 2, 2, 4, 4, 2, 2, 4], [0, 1, 3, 5, 7, 9, 11, 12], 34800, 52500, 0.9452, 0.04322346029646401]
[[34800, -1], [42800, 3], [36600, 2], [28700, 1], [27800, 4], [25500, 5], [21500, 6], [26300, 0], 1, 0, [4, 2, 3, 3, 3, 3, 2, 4], [0, 1, 3, 5, 7, 9, 11, 12], 34800, 42800, 0.9452, 0.04322346029646401]
[[34800, -1], [44900, 3], [40200, 1], [37900, 4], [38100, 6], [52500, 2], [30800, 0], [6400, 5], 1, 0, [4, 2, 4, 2, 2, 4, 2, 4], [0, 1, 3, 5, 7, 9, 11, 12], 34800, 52500, 0.9452, 0.04322346029646401]
[[34800, -1], [42800, 3], [36200, 1], [28100, 2], [27500, 4], [26700, 5], [23600, 6], [26300, 0], 1, 0, [4, 3, 2, 3, 3, 2, 3, 4], [0, 1, 3, 5, 7, 9, 11, 12], 34800, 42800, 0.9452, 0.04322346029646401]
[[34800, -1], [42800, 2], [33700, 1], [28900, 3], [28500, 4], [27600, 5], [23600, 6], [26300, 0], 1, 0, [4, 3, 3, 2, 2, 3, 3, 4], [0, 1, 3, 5, 7, 9, 11, 12], 34800, 42800, 0.9452, 0.04322346029646401]
[[34800, -1], [44900, 3], [40600, 2], [37800, 4], [34800, 5], [52500, 1], [27300, 0], [1800, 6], 1, 0, [4, 4, 2, 2, 2, 2, 4, 4], [0, 1, 3, 5, 7, 9, 11, 12], 34800, 52500, 0.9452, 0.04322346029646401]
[[17800, -1], [34900, 0], [41400, 1], [15500, 2], [8200, 3], 1, 1, [2, 5, 4, 5, 2], [0, 3, 6, 9, 12], 17800, 41400, 0.9452, 0.06040662215353546]
[[17800, -1], [33300, 0], [26400, 2], [30400, 1], [8200, 3], 1, 1, [3, 5, 2, 5, 3], [0, 3, 6, 9, 12], 17800, 33300, 0.9452, 0.06040662215353546]
[[17800, -1], [34900, 1], [32600, 3], [46500, 0], [13200, 2], 1, 1, [5, 2, 4, 2, 5], [0, 3, 6, 9, 12], 17800, 46500, 0.9452, 0.06040662215353546]
[[17800, -1], [33300, 1], [28900, 2], [25800, 3], [33800, 0], 1, 1, [5, 3, 2, 3, 5], [0, 3, 6, 9, 12], 17800, 33800, 0.9452, 0.06040662215353546]
[[27700, -1], [34900, 1], [25300, 0], [30600, 2], [15000, 3], [1800, 4], 1, 1, [2, 2, 5, 5, 2, 2], [0, 3, 5, 7, 9, 12], 27700, 34900, 0.9452, 0.06040662215353546]
[[27700, -1], [34900, 2], [29700, 0], [27600, 3], [31000, 1], [8200, 4], 1, 1, [2, 5, 2, 2, 5, 2], [0, 3, 5, 7, 9, 12], 27700, 34900, 0.9452, 0.06040662215353546]
[[27700, -1], [34900, 2], [30700, 1], [27700, 3], [24700, 4], [33800, 0], 1, 1, [5, 2, 2, 2, 2, 5], [0, 3, 5, 7, 9, 12], 27700, 34900, 0.9452, 0.06040662215353546]
[[17900, -1], [33900, 2], [52500, 1], [30800, 0], [6400, 3], 1, 1, [4, 4, 3, 4, 4], [0, 3, 6, 9, 12], 17900, 52500, 0.95215, 0.06040662215353546]
[[40200, -1], [33900, 3], [29900, 1], [20700, 0], [23000, 2], [8800, 4], [1200, 5], 1, 1, [2, 2, 4, 3, 4, 2, 2], [0, 2, 4, 6, 8, 10, 12], 40200, 40200, 0.95215, 0.06040662215353546]
[[40200, -1], [33900, 3], [28500, 2], [20900, 1], [10200, 0], [3700, 4], [1700, 5], 1, 1, [2, 3, 3, 3, 3, 3, 2], [0, 2, 4, 6, 8, 10, 12], 40200, 40200, 0.95215, 0.06040662215353546]
[[40200, -1], [33900, 3], [29900, 2], [24000, 0], [23900, 4], [24700, 1], [4100, 5], 1, 1, [2, 4, 2, 3, 2, 4, 2], [0, 2, 4, 6, 8, 10, 12], 40200, 40200, 0.95215, 0.06040662215353546]
[[40200, -1], [33900, 3], [28500, 2], [20400, 0], [8500, 1], [3800, 4], [1200, 5], 1, 1, [3, 2, 3, 3, 3, 2, 3], [0, 2, 4, 6, 8, 10, 12], 40200, 40200, 0.95215, 0.06040662215353546]
[[40200, -1], [33900, 3], [28500, 1], [17600, 0], [6600, 2], [2900, 4], [1700, 5], 1, 1, [3, 3, 2, 3, 2, 3, 3], [0, 2, 4, 6, 8, 10, 12], 40200, 40200, 0.95215, 0.06040662215353546]
[[40200, -1], [33900, 3], [29900, 2], [24900, 1], [23400, 4], [20500, 5], [26300, 0], 1, 1, [4, 2, 2, 3, 2, 2, 4], [0, 2, 4, 6, 8, 10, 12], 40200, 40200, 0.95215, 0.06040662215353546]
[[26000, -1], [44000, 3], [29900, 1], [20700, 0], [23000, 2], [8800, 4], [1200, 5], 1, 0, [2, 2, 4, 0, 4, 2, 2], [0, 2, 4, 6, 8, 10, 12], 26000, 44000, 0.9539, 0.04322346029646401]
[[26000, -1], [44000, 3], [28500, 2], [20900, 1], [10200, 0], [3700, 4], [1700, 5], 1, 0, [2, 3, 3, 0, 3, 3, 2], [0, 2, 4, 6, 8, 10, 12], 26000, 44000, 0.9539, 0.04322346029646401]
[[26000, -1], [44000, 3], [29900, 2], [24000, 0], [23900, 4], [24700, 1], [4100, 5], 1, 0, [2, 4, 2, 0, 2, 4, 2], [0, 2, 4, 6, 8, 10, 12], 26000, 44000, 0.9539, 0.04322346029646401]
[[26000, -1], [44000, 3], [28500, 2], [20400, 0], [8500, 1], [3800, 4], [1200, 5], 1, 0, [3, 2, 3, 0, 3, 2, 3], [0, 2, 4, 6, 8, 10, 12], 26000, 44000, 0.9539, 0.04322346029646401]
[[26000, -1], [44000, 3], [28500, 1], [17600, 0], [6600, 2], [2900, 4], [1700, 5], 1, 0, [3, 3, 2, 0, 2, 3, 3], [0, 2, 4, 6, 8, 10, 12], 26000, 44000, 0.9539, 0.04322346029646401]
[[26000, -1], [44000, 3], [29900, 2], [24900, 1], [23400, 4], [20500, 5], [26300, 0], 1, 0, [4, 2, 2, 0, 2, 2, 4], [0, 2, 4, 6, 8, 10, 12], 26000, 44000, 0.9539, 0.04322346029646401]
[[18100, -1], [33300, 2], [15000, 1], [8800, 0], [1800, 3], 1, 1, [2, 2, 1, 2, 2], [0, 3, 6, 9, 12], 18100, 33300, 0.9568000000000001, 0.06040662215353546]
[[40500, -1], [25000, 2], [18600, 0], [9300, 1], [5100, 3], [1800, 4], 1, 2, [2, 2, 3, 3, 2, 2], [0, 3, 5, 7, 9, 12], 40500, 40500, 0.9590999999999998, 0.07940656698283839]
[[40500, -1], [25000, 1], [15000, 0], [7300, 2], [4200, 3], [2600, 4], 1, 2, [2, 3, 2, 2, 3, 2], [0, 3, 5, 7, 9, 12], 40500, 40500, 0.9590999999999998, 0.07940656698283839]
[[40500, -1], [25000, 0], [12100, 1], [7200, 2], [4000, 3], [1800, 4], 1, 2, [3, 2, 2, 2, 2, 3], [0, 3, 5, 7, 9, 12], 40500, 40500, 0.9590999999999998, 0.07940656698283839]
[[58300, -1], [26200, 3], [22500, 2], [16700, 0], [8100, 1], [2700, 4], [1200, 5], 1, 2, [2, 2, 2, 2, 2, 2, 2], [0, 2, 4, 6, 8, 10, 12], 58300, 58300, 0.9591, 0.07940656698283839]
[[18000, -1], [43900, 5], [51200, 4], [31200, 3], [16100, 2], [6400, 1], 1, 0, [3, 4, 5, 5, 4, 3], [0, 3, 5, 7, 9, 12], 18000, 51200, 0.9591000000000001, 0.04322346029646401]
[[18000, -1], [43900, 5], [51000, 4], [25000, 3], [13800, 2], [8200, 1], 1, 0, [3, 5, 4, 4, 5, 3], [0, 3, 5, 7, 9, 12], 18000, 51000, 0.9591000000000001, 0.04322346029646401]
[[18000, -1], [44000, 1], [41800, 4], [59100, 2], [39000, 0], [14000, 3], 1, 0, [4, 3, 5, 5, 3, 4], [0, 3, 5, 7, 9, 12], 18000, 59100, 0.9591000000000001, 0.04322346029646401]
[[18000, -1], [44000, 2], [38900, 3], [59100, 1], [31800, 0], [8200, 4], 1, 0, [4, 5, 3, 3, 5, 4], [0, 3, 5, 7, 9, 12], 18000, 59100, 0.9591000000000001, 0.04322346029646401]
[[18000, -1], [44000, 1], [41100, 4], [59100, 0], [23200, 2], [10900, 3], 1, 0, [5, 3, 4, 4, 3, 5], [0, 3, 5, 7, 9, 12], 18000, 59100, 0.9591000000000001, 0.04322346029646401]
[[18000, -1], [44000, 2], [38800, 3], [59100, 0], [22900, 1], [6400, 4], 1, 0, [5, 4, 3, 3, 4, 5], [0, 3, 5, 7, 9, 12], 18000, 59100, 0.9591000000000001, 0.04322346029646401]
[[25900, -1], [43900, 5], [30000, 6], [39400, 4], [18800, 3], [11000, 2], [1700, 1], 1, 0, [2, 3, 5, 4, 5, 3, 2], [0, 2, 4, 6, 8, 10, 12], 25900, 43900, 0.9591000000000001, 0.04322346029646401]
[[25900, -1], [46100, 3], [42400, 0], [52200, 6], [59100, 2], [32100, 1], [8500, 4], [5100, 5], 1, 0, [2, 4, 5, 2, 5, 4, 2], [0, 2, 4, 6, 8, 10, 12], 25900, 59100, 0.9591000000000001, 0.04322346029646401]
[[25900, -1], [44000, 2], [36300, 0], [38200, 4], [41900, 6], [46500, 1], [13200, 3], [5000, 5], 1, 0, [2, 5, 3, 4, 3, 5, 2], [0, 2, 4, 6, 8, 10, 12], 25900, 46500, 0.9591000000000001, 0.04322346029646401]
[[25900, -1], [46100, 3], [42400, 0], [50100, 6], [59100, 1], [22800, 2], [6600, 4], [5000, 5], 1, 0, [2, 5, 4, 2, 4, 5, 2], [0, 2, 4, 6, 8, 10, 12], 25900, 59100, 0.9591000000000001, 0.04322346029646401]
[[25900, -1], [43900, 6], [28300, 5], [39300, 4], [19400, 3], [11300, 2], [1200, 1], 1, 0, [3, 2, 5, 4, 5, 2, 3], [0, 2, 4, 6, 8, 10, 12], 25900, 43900, 0.9591000000000001, 0.04322346029646401]
[[25900, -1], [43900, 5], [30500, 6], [26500, 3], [29500, 4], [11400, 2], [1700, 1], 1, 0, [3, 3, 5, 2, 5, 3, 3], [0, 2, 4, 6, 8, 10, 12], 25900, 43900, 0.9591000000000001, 0.04322346029646401]
[[25900, -1], [43900, 6], [34400, 4], [39800, 2], [41800, 5], [14100, 3], [5200, 1], 1, 0, [3, 5, 2, 4, 2, 5, 3], [0, 2, 4, 6, 8, 10, 12], 25900, 43900, 0.9591000000000001, 0.04322346029646401]
[[25900, -1], [43900, 6], [32900, 4], [31300, 3], [31500, 2], [31700, 5], [5200, 1], 1, 0, [3, 5, 3, 2, 3, 5, 3], [0, 2, 4, 6, 8, 10, 12], 25900, 43900, 0.9591000000000001, 0.04322346029646401]
[[25900, -1], [46100, 3], [42400, 1], [42200, 5], [59100, 2], [35000, 0], [11100, 4], 1, 0, [4, 2, 5, 2, 5, 2, 4], [0, 2, 4, 6, 8, 10, 12], 25900, 59100, 0.9591000000000001, 0.04322346029646401]
[[25900, -1], [46100, 3], [42400, 2], [39300, 4], [59100, 1], [29300, 0], [5200, 5], 1, 0, [4, 5, 2, 2, 2, 5, 4], [0, 2, 4, 6, 8, 10, 12], 25900, 59100, 0.9591000000000001, 0.04322346029646401]
[[25900, -1], [44000, 2], [38200, 1], [36800, 4], [33600, 5], [46500, 0], [13200, 3], 1, 0, [5, 2, 3, 4, 3, 2, 5], [0, 2, 4, 6, 8, 10, 12], 25900, 46500, 0.9591000000000001, 0.04322346029646401]
[[25900, -1], [46100, 3], [42400, 1], [41500, 5], [59100, 0], [22400, 2], [8600, 4], 1, 0, [5, 2, 4, 2, 4, 2, 5], [0, 2, 4, 6, 8, 10, 12], 25900, 59100, 0.9591000000000001, 0.04322346029646401]
[[25900, -1], [44000, 1], [37700, 2], [38600, 4], [35000, 5], [46500, 0], [13200, 3], 1, 0, [5, 3, 2, 4, 2, 3, 5], [0, 2, 4, 6, 8, 10, 12], 25900, 46500, 0.9591000000000001, 0.04322346029646401]
[[25900, -1], [44000, 2], [36600, 1], [33400, 3], [31000, 4], [26900, 5], [33800, 0], 1, 0, [5, 3, 3, 2, 3, 3, 5], [0, 2, 4, 6, 8, 10, 12], 25900, 44000, 0.9591000000000001, 0.04322346029646401]
[[25900, -1], [46100, 3], [42400, 2], [39200, 4], [59100, 0], [24000, 1], [4100, 5], 1, 0, [5, 4, 2, 2, 2, 4, 5], [0, 2, 4, 6, 8, 10, 12], 25900, 59100, 0.9591000000000001, 0.04322346029646401]
[[35300, -1], [43900, 5], [33500, 7], [21900, 6], [30700, 4], [15400, 3], [2500, 2], [600, 1], 1, 0, [2, 2, 3, 5, 5, 3, 2, 2], [0, 1, 3, 5, 7, 9, 11, 12], 35300, 43900, 0.9591000000000001, 0.04322346029646401]
[[35300, -1], [44000, 3], [38500, 0], [27700, 1], [29900, 4], [30300, 2], [7800, 5], [600, 6], 1, 0, [2, 2, 5, 3, 3, 5, 2, 2], [0, 1, 3, 5, 7, 9, 11, 12], 35300, 44000, 0.9591000000000001, 0.04322346029646401]
[[35300, -1], [43900, 6], [29000, 7], [20900, 5], [30500, 4], [15000, 3], [1800, 2], [800, 1], 1, 0, [2, 3, 2, 5, 5, 2, 3, 2], [0, 1, 3, 5, 7, 9, 11, 12], 35300, 43900, 0.9591000000000001, 0.04322346029646401]
[[35300, -1], [43900, 6], [30600, 7], [28200, 4], [30300, 3], [30200, 5], [7700, 2], [800, 1], 1, 0, [2, 3, 5, 2, 2, 5, 3, 2], [0, 1, 3, 5, 7, 9, 11, 12], 35300, 43900, 0.9591000000000001, 0.04322346029646401]
[[35300, -1], [44000, 3], [38800, 4], [34900, 2], [28600, 0], [30300, 5], [28700, 7], [33800, 1], [3400, 6], 1, 0, [2, 5, 2, 3, 3, 2, 5, 2], [0, 1, 3, 5, 7, 9, 11, 12], 35300, 44000, 0.9591000000000001, 0.04322346029646401]
[[35300, -1], [44000, 2], [35800, 0], [32800, 3], [32400, 4], [31200, 5], [28700, 7], [33800, 1], [3400, 6], 1, 0, [2, 5, 3, 2, 2, 3, 5, 2], [0, 1, 3, 5, 7, 9, 11, 12], 35300, 44000, 0.9591000000000001, 0.04322346029646401]
[[35300, -1], [43900, 7], [28300, 6], [21000, 5], [30600, 4], [15200, 3], [1900, 2], [600, 1], 1, 0, [3, 2, 2, 5, 5, 2, 2, 3], [0, 1, 3, 5, 7, 9, 11, 12], 35300, 43900, 0.9591000000000001, 0.04322346029646401]
[[35300, -1], [43900, 7], [30000, 6], [28100, 4], [30100, 3], [30000, 5], [7900, 2], [600, 1], 1, 0, [3, 2, 5, 2, 2, 5, 2, 3], [0, 1, 3, 5, 7, 9, 11, 12], 35300, 43900, 0.9591000000000001, 0.04322346029646401]
[[35300, -1], [43900, 7], [34700, 5], [32200, 4], [32000, 3], [32600, 2], [31500, 0], [33800, 1], [3400, 6], 1, 0, [3, 5, 2, 2, 2, 2, 5, 3], [0, 1, 3, 5, 7, 9, 11, 12], 35300, 43900, 0.9591000000000001, 0.04322346029646401]
[[35300, -1], [44000, 3], [38800, 4], [34900, 2], [29200, 1], [29700, 5], [26500, 6], [33800, 0], 1, 0, [5, 2, 2, 3, 3, 2, 2, 5], [0, 1, 3, 5, 7, 9, 11, 12], 35300, 44000, 0.9591000000000001, 0.04322346029646401]
[[35300, -1], [44000, 2], [36800, 1], [33800, 3], [32700, 4], [30500, 5], [26500, 6], [33800, 0], 1, 0, [5, 2, 3, 2, 2, 3, 2, 5], [0, 1, 3, 5, 7, 9, 11, 12], 35300, 44000, 0.9591000000000001, 0.04322346029646401]
[[35300, -1], [44000, 1], [36200, 2], [33400, 3], [32500, 4], [31900, 5], [28400, 6], [33800, 0], 1, 0, [5, 3, 2, 2, 2, 2, 3, 5], [0, 1, 3, 5, 7, 9, 11, 12], 35300, 44000, 0.9591000000000001, 0.04322346029646401]
[[18000, -1], [34500, 0], [36800, 1], [19100, 2], [6400, 3], 1, 1, [3, 4, 5, 4, 3], [0, 3, 6, 9, 12], 18000, 36800, 0.9591000000000001, 0.06040662215353546]
[[18000, -1], [34500, 1], [31500, 3], [42200, 2], [26300, 0], 1, 1, [4, 3, 5, 3, 4], [0, 3, 6, 9, 12], 18000, 42200, 0.9591000000000001, 0.06040662215353546]
[[40500, -1], [34500, 2], [25900, 0], [15300, 1], [20400, 3], [3700, 4], [1200, 5], 1, 1, [2, 2, 3, 5, 3, 2, 2], [0, 2, 4, 6, 8, 10, 12], 40500, 40500, 0.9591000000000001, 0.06040662215353546]
[[40500, -1], [34500, 1], [21600, 0], [13900, 2], [19500, 3], [2800, 4], [1700, 5], 1, 1, [2, 3, 2, 5, 2, 3, 2], [0, 2, 4, 6, 8, 10, 12], 40500, 40500, 0.9591000000000001, 0.06040662215353546]
[[40500, -1], [34500, 0], [19800, 1], [14000, 2], [19600, 3], [2800, 4], [1200, 5], 1, 1, [3, 2, 2, 5, 2, 2, 3], [0, 2, 4, 6, 8, 10, 12], 40500, 40500, 0.9591000000000001, 0.06040662215353546]
[[18300, -1], [45300, 0], [11700, 1], [7300, 2], [4100, 3], [1800, 4], 1, 0, [0, 2, 2, 2, 2, 0], [0, 3, 5, 7, 9, 12], 18300, 45300, 0.9626000000000001, 0.04322346029646401]
[[18300, -1], [45300, 1], [14900, 0], [7800, 2], [5200, 3], [7500, 4], 1, 0, [2, 0, 2, 2, 0, 2], [0, 3, 5, 7, 9, 12], 18300, 45300, 0.9626000000000001, 0.04322346029646401]
[[18300, -1], [45300, 2], [23800, 0], [13400, 1], [13200, 3], [1800, 4], 1, 0, [2, 2, 0, 0, 2, 2], [0, 3, 5, 7, 9, 12], 18300, 45300, 0.9626000000000001, 0.04322346029646401]
[[26100, -1], [44500, 3], [39200, 0], [46300, 1], [22900, 2], [9200, 4], [4100, 5], 1, 0, [3, 4, 4, 3, 4, 4, 3], [0, 2, 4, 6, 8, 10, 12], 26100, 46300, 0.9660500000000001, 0.04322346029646401]
[[26100, -1], [44500, 3], [39200, 1], [38400, 5], [52500, 2], [33200, 0], [8600, 4], 1, 0, [4, 3, 4, 3, 4, 3, 4], [0, 2, 4, 6, 8, 10, 12], 26100, 52500, 0.9660500000000001, 0.04322346029646401]
[[26100, -1], [44500, 3], [39200, 2], [34700, 4], [52500, 1], [28800, 0], [4100, 5], 1, 0, [4, 4, 3, 3, 3, 4, 4], [0, 2, 4, 6, 8, 10, 12], 26100, 52500, 0.9660500000000001, 0.04322346029646401]
[[18200, -1], [35100, 2], [29700, 0], [30400, 1], [8200, 3], 1, 1, [3, 5, 3, 5, 3], [0, 3, 6, 9, 12], 18200, 35100, 0.9660500000000001, 0.06040662215353546]
[[18200, -1], [35100, 2], [29700, 1], [25800, 3], [33800, 0], 1, 1, [5, 3, 3, 3, 5], [0, 3, 6, 9, 12], 18200, 35100, 0.9660500000000001, 0.06040662215353546]
[[26500, -1], [43500, 3], [25000, 2], [17400, 0], [8600, 1], [3700, 4], [1200, 5], 1, 0, [2, 2, 3, 1, 3, 2, 2], [0, 2, 4, 6, 8, 10, 12], 26500, 43500, 0.9707000000000001, 0.04322346029646401]
[[26500, -1], [43500, 3], [25000, 1], [14200, 0], [6600, 2], [2800, 4], [1700, 5], 1, 0, [2, 3, 2, 1, 2, 3, 2], [0, 2, 4, 6, 8, 10, 12], 26500, 43500, 0.9707000000000001, 0.04322346029646401]
[[26500, -1], [43500, 3], [25000, 0], [12600, 1], [6500, 2], [2800, 4], [1200, 5], 1, 0, [3, 2, 2, 1, 2, 2, 3], [0, 2, 4, 6, 8, 10, 12], 26500, 43500, 0.9707000000000001, 0.04322346029646401]
[[14800, -1], [27400, 0], [30000, 1], [11100, 2], 1, 2, [2, 5, 5, 2], [0, 4, 8, 12], 14800, 30000, 0.9729999999999999, 0.07940656698283839]
[[14800, -1], [27400, 1], [24100, 2], [33800, 0], 1, 2, [5, 2, 2, 5], [0, 4, 8, 12], 14800, 33800, 0.9729999999999999, 0.07940656698283839]
[[18300, -1], [47300, 5], [59500, 4], [31000, 3], [16000, 2], [8200, 1], 1, 0, [2, 5, 5, 5, 5, 2], [0, 3, 5, 7, 9, 12], 18300, 59500, 0.9730000000000001, 0.04322346029646401]
[[18300, -1], [47300, 1], [45600, 4], [67500, 5], [29900, 3], [14000, 2], 1, 0, [5, 2, 5, 5, 2, 5], [0, 3, 5, 7, 9, 12], 18300, 67500, 0.9730000000000001, 0.04322346029646401]
[[18300, -1], [47300, 2], [43800, 3], [67500, 5], [29700, 4], [8200, 1], 1, 0, [5, 5, 2, 2, 5, 5], [0, 3, 5, 7, 9, 12], 18300, 67500, 0.9730000000000001, 0.04322346029646401]
[[26300, -1], [47300, 6], [60200, 0], [67600, 3], [52500, 2], [31100, 1], [6600, 4], [5100, 5], 1, 0, [2, 4, 4, 5, 4, 4, 2], [0, 2, 4, 6, 8, 10, 12], 26300, 67600, 0.9730000000000001, 0.04322346029646401]
[[26300, -1], [45100, 1], [31200, 0], [36100, 2], [21700, 3], [9100, 4], [1700, 5], 1, 0, [3, 3, 4, 5, 4, 3, 3], [0, 2, 4, 6, 8, 10, 12], 26300, 45100, 0.9730000000000001, 0.04322346029646401]
[[26300, -1], [45100, 2], [36000, 0], [37800, 4], [37800, 1], [17700, 3], [4100, 5], 1, 0, [3, 4, 3, 5, 3, 4, 3], [0, 2, 4, 6, 8, 10, 12], 26300, 45100, 0.9730000000000001, 0.04322346029646401]
[[26300, -1], [47300, 1], [47900, 5], [67600, 3], [52500, 2], [33200, 0], [8600, 4], 1, 0, [4, 2, 4, 5, 4, 2, 4], [0, 2, 4, 6, 8, 10, 12], 26300, 67600, 0.9730000000000001, 0.04322346029646401]
[[26300, -1], [45100, 2], [37200, 1], [36700, 4], [33400, 5], [42200, 3], [26300, 0], 1, 0, [4, 3, 3, 5, 3, 3, 4], [0, 2, 4, 6, 8, 10, 12], 26300, 45100, 0.9730000000000001, 0.04322346029646401]
[[26300, -1], [47300, 2], [44400, 4], [67600, 3], [52500, 1], [28800, 0], [4100, 5], 1, 0, [4, 4, 2, 5, 2, 4, 4], [0, 2, 4, 6, 8, 10, 12], 26300, 67600, 0.9730000000000001, 0.04322346029646401]
[[18300, -1], [37400, 0], [44900, 1], [19200, 2], [8200, 3], 1, 1, [2, 5, 5, 5, 2], [0, 3, 6, 9, 12], 18300, 44900, 0.9730000000000001, 0.06040662215353546]
[[18300, -1], [65600, 2], [52500, 1], [30800, 0], [6400, 3], 1, 1, [4, 4, 4, 4, 4], [0, 3, 6, 9, 12], 18300, 65600, 0.9730000000000001, 0.06040662215353546]
[[18300, -1], [37400, 1], [35200, 3], [50700, 2], [33800, 0], 1, 1, [5, 2, 5, 2, 5], [0, 3, 6, 9, 12], 18300, 50700, 0.9730000000000001, 0.06040662215353546]
[[28600, -1], [37400, 0], [45400, 1], [24400, 2], [12800, 3], [6400, 4], 1, 1, [2, 4, 4, 4, 4, 2], [0, 3, 5, 7, 9, 12], 28600, 45400, 0.9730000000000001, 0.06040662215353546]
[[28600, -1], [35600, 1], [24300, 0], [24400, 2], [12800, 3], [2600, 4], 1, 1, [3, 3, 4, 4, 3, 3], [0, 3, 5, 7, 9, 12], 28600, 35600, 0.9730000000000001, 0.06040662215353546]
[[28600, -1], [35600, 2], [28500, 0], [23500, 3], [23400, 1], [6400, 4], 1, 1, [3, 4, 3, 3, 4, 3], [0, 3, 5, 7, 9, 12], 28600, 35600, 0.9730000000000001, 0.06040662215353546]
[[28600, -1], [37400, 1], [35600, 4], [52500, 2], [36100, 0], [10900, 3], 1, 1, [4, 2, 4, 4, 2, 4], [0, 3, 5, 7, 9, 12], 28600, 52500, 0.9730000000000001, 0.06040662215353546]
[[28600, -1], [35600, 2], [29400, 1], [25100, 3], [21100, 4], [26300, 0], 1, 1, [4, 3, 3, 3, 3, 4], [0, 3, 5, 7, 9, 12], 28600, 35600, 0.9730000000000001, 0.06040662215353546]
[[28600, -1], [37400, 2], [33800, 3], [52500, 1], [30800, 0], [6400, 4], 1, 1, [4, 4, 2, 2, 4, 4], [0, 3, 5, 7, 9, 12], 28600, 52500, 0.9730000000000001, 0.06040662215353546]
[[41100, -1], [37400, 1], [26800, 0], [33100, 2], [17700, 3], [8800, 4], [1200, 5], 1, 1, [2, 2, 4, 4, 4, 2, 2], [0, 2, 4, 6, 8, 10, 12], 41100, 41100, 0.9730000000000001, 0.06040662215353546]
[[41100, -1], [35600, 2], [27300, 1], [15000, 0], [16800, 3], [3700, 4], [1700, 5], 1, 1, [2, 3, 3, 4, 3, 3, 2], [0, 2, 4, 6, 8, 10, 12], 41100, 41100, 0.9730000000000001, 0.06040662215353546]
[[41100, -1], [35600, 1], [23100, 0], [21000, 3], [22900, 2], [8800, 4], [1700, 5], 1, 1, [2, 3, 4, 2, 4, 3, 2], [0, 2, 4, 6, 8, 10, 12], 41100, 41100, 0.9730000000000001, 0.06040662215353546]
[[41100, -1], [37400, 2], [30900, 0], [32700, 4], [35300, 1], [13800, 3], [4100, 5], 1, 1, [2, 4, 2, 4, 2, 4, 2], [0, 2, 4, 6, 8, 10, 12], 41100, 41100, 0.9730000000000001, 0.06040662215353546]
[[41100, -1], [35600, 2], [28000, 0], [25300, 3], [24700, 4], [24700, 1], [4100, 5], 1, 1, [2, 4, 3, 2, 3, 4, 2], [0, 2, 4, 6, 8, 10, 12], 41100, 41100, 0.9730000000000001, 0.06040662215353546]
[[41100, -1], [35600, 2], [26700, 0], [13400, 1], [16400, 4], [13600, 3], [1200, 5], 1, 1, [3, 2, 3, 4, 3, 2, 3], [0, 2, 4, 6, 8, 10, 12], 41100, 41100, 0.9730000000000001, 0.06040662215353546]
[[41100, -1], [35600, 0], [21400, 1], [20800, 3], [22800, 2], [9000, 4], [1200, 5], 1, 1, [3, 2, 4, 2, 4, 2, 3], [0, 2, 4, 6, 8, 10, 12], 41100, 41100, 0.9730000000000001, 0.06040662215353546]
[[41100, -1], [35600, 1], [23200, 0], [12100, 2], [16000, 4], [13800, 3], [1700, 5], 1, 1, [3, 3, 2, 4, 2, 3, 3], [0, 2, 4, 6, 8, 10, 12], 41100, 41100, 0.9730000000000001, 0.06040662215353546]
[[41100, -1], [35600, 2], [27100, 0], [14000, 1], [6000, 3], [3900, 4], [1700, 5], 1, 1, [3, 3, 3, 2, 3, 3, 3], [0, 2, 4, 6, 8, 10, 12], 41100, 41100, 0.9730000000000001, 0.06040662215353546]
[[41100, -1], [35600, 0], [25800, 2], [24500, 3], [25300, 4], [24400, 1], [4100, 5], 1, 1, [3, 4, 2, 2, 2, 4, 3], [0, 2, 4, 6, 8, 10, 12], 41100, 41100, 0.9730000000000001, 0.06040662215353546]
[[41100, -1], [37400, 2], [32100, 1], [31500, 4], [28900, 5], [39400, 3], [26300, 0], 1, 1, [4, 2, 2, 4, 2, 2, 4], [0, 2, 4, 6, 8, 10, 12], 41100, 41100, 0.9730000000000001, 0.06040662215353546]
[[41100, -1], [35600, 2], [29500, 1], [26900, 3], [24200, 4], [20500, 5], [26300, 0], 1, 1, [4, 2, 3, 2, 3, 2, 4], [0, 2, 4, 6, 8, 10, 12], 41100, 41100, 0.9730000000000001, 0.06040662215353546]
[[41100, -1], [35600, 1], [28900, 2], [26600, 3], [25300, 4], [22200, 5], [26300, 0], 1, 1, [4, 3, 2, 2, 2, 3, 4], [0, 2, 4, 6, 8, 10, 12], 41100, 41100, 0.9730000000000001, 0.06040662215353546]
[[55900, -1], [37400, 2], [29500, 0], [18500, 1], [23900, 3], [12000, 4], [1800, 5], [600, 6], 1, 1, [2, 2, 2, 4, 4, 2, 2, 2], [0, 1, 3, 5, 7, 9, 11, 12], 55900, 55900, 0.9730000000000001, 0.06040662215353546]
[[55900, -1], [35600, 3], [29300, 2], [19900, 0], [10800, 1], [5400, 4], [2500, 5], [600, 6], 1, 1, [2, 2, 3, 3, 3, 3, 2, 2], [0, 1, 3, 5, 7, 9, 11, 12], 55900, 55900, 0.9730000000000001, 0.06040662215353546]
[[55900, -1], [37400, 3], [32400, 0], [22300, 1], [23700, 4], [23400, 2], [6100, 5], [600, 6], 1, 1, [2, 2, 4, 2, 2, 4, 2, 2], [0, 1, 3, 5, 7, 9, 11, 12], 55900, 55900, 0.9730000000000001, 0.06040662215353546]
[[55900, -1], [35600, 3], [28900, 1], [16700, 0], [9000, 2], [5100, 4], [1800, 5], [800, 6], 1, 1, [2, 3, 2, 3, 3, 2, 3, 2], [0, 1, 3, 5, 7, 9, 11, 12], 55900, 55900, 0.9730000000000001, 0.06040662215353546]
[[55900, -1], [35600, 2], [26100, 1], [13800, 0], [7300, 3], [4200, 4], [2500, 5], [800, 6], 1, 1, [2, 3, 3, 2, 2, 3, 3, 2], [0, 1, 3, 5, 7, 9, 11, 12], 55900, 55900, 0.9730000000000001, 0.06040662215353546]
[[55900, -1], [37400, 3], [32600, 0], [25400, 2], [25400, 4], [25100, 5], [23700, 7], [26300, 1], [2000, 6], 1, 1, [2, 4, 2, 2, 2, 2, 4, 2], [0, 1, 3, 5, 7, 9, 11, 12], 55900, 55900, 0.9730000000000001, 0.06040662215353546]
[[55900, -1], [35600, 3], [28800, 0], [16100, 1], [9000, 2], [5200, 4], [1900, 5], [600, 6], 1, 1, [3, 2, 2, 3, 3, 2, 2, 3], [0, 1, 3, 5, 7, 9, 11, 12], 55900, 55900, 0.9730000000000001, 0.06040662215353546]
[[55900, -1], [35600, 2], [25800, 0], [13100, 1], [7400, 3], [4300, 4], [2600, 5], [600, 6], 1, 1, [3, 2, 3, 2, 2, 3, 2, 3], [0, 1, 3, 5, 7, 9, 11, 12], 55900, 55900, 0.9730000000000001, 0.06040662215353546]
[[55900, -1], [35600, 1], [22800, 0], [11800, 2], [7200, 3], [4000, 4], [1900, 5], [800, 6], 1, 1, [3, 3, 2, 2, 2, 2, 3, 3], [0, 1, 3, 5, 7, 9, 11, 12], 55900, 55900, 0.9730000000000001, 0.06040662215353546]
[[55900, -1], [37400, 3], [32800, 1], [26500, 2], [25800, 4], [24500, 5], [21500, 6], [26300, 0], 1, 1, [4, 2, 2, 2, 2, 2, 2, 4], [0, 1, 3, 5, 7, 9, 11, 12], 55900, 55900, 0.9730000000000001, 0.06040662215353546]
[[59600, -1], [26700, 3], [22500, 2], [16700, 0], [8100, 1], [2700, 4], [1200, 5], 1, 2, [2, 2, 2, 3, 2, 2, 2], [0, 2, 4, 6, 8, 10, 12], 59600, 59600, 0.9799499999999999, 0.07940656698283839]
[[26500, -1], [45700, 3], [42400, 0], [52200, 6], [59100, 2], [32100, 1], [8500, 4], [5100, 5], 1, 0, [2, 4, 5, 3, 5, 4, 2], [0, 2, 4, 6, 8, 10, 12], 26500, 59100, 0.9799500000000001, 0.04322346029646401]
[[26500, -1], [45700, 3], [42400, 0], [50100, 6], [59100, 1], [22800, 2], [6600, 4], [5000, 5], 1, 0, [2, 5, 4, 3, 4, 5, 2], [0, 2, 4, 6, 8, 10, 12], 26500, 59100, 0.9799500000000001, 0.04322346029646401]
[[26500, -1], [45700, 3], [40400, 1], [27600, 0], [29500, 2], [11400, 4], [1700, 5], 1, 0, [3, 3, 5, 3, 5, 3, 3], [0, 2, 4, 6, 8, 10, 12], 26500, 45700, 0.9799500000000001, 0.04322346029646401]
[[26500, -1], [45700, 3], [40400, 2], [32000, 0], [31500, 4], [31700, 1], [5200, 5], 1, 0, [3, 5, 3, 3, 3, 5, 3], [0, 2, 4, 6, 8, 10, 12], 26500, 45700, 0.9799500000000001, 0.04322346029646401]
[[26500, -1], [45700, 3], [42400, 1], [42200, 5], [59100, 2], [35000, 0], [11100, 4], 1, 0, [4, 2, 5, 3, 5, 2, 4], [0, 2, 4, 6, 8, 10, 12], 26500, 59100, 0.9799500000000001, 0.04322346029646401]
[[26500, -1], [45700, 3], [42400, 2], [39300, 4], [59100, 1], [29300, 0], [5200, 5], 1, 0, [4, 5, 2, 3, 2, 5, 4], [0, 2, 4, 6, 8, 10, 12], 26500, 59100, 0.9799500000000001, 0.04322346029646401]
[[26500, -1], [45700, 3], [42400, 1], [41500, 5], [59100, 0], [22400, 2], [8600, 4], 1, 0, [5, 2, 4, 3, 4, 2, 5], [0, 2, 4, 6, 8, 10, 12], 26500, 59100, 0.9799500000000001, 0.04322346029646401]
[[26500, -1], [45700, 3], [40400, 2], [33200, 1], [31000, 4], [26900, 5], [33800, 0], 1, 0, [5, 3, 3, 3, 3, 3, 5], [0, 2, 4, 6, 8, 10, 12], 26500, 45700, 0.9799500000000001, 0.04322346029646401]
[[26500, -1], [45700, 3], [42400, 2], [39200, 4], [59100, 0], [24000, 1], [4100, 5], 1, 0, [5, 4, 2, 3, 2, 4, 5], [0, 2, 4, 6, 8, 10, 12], 26500, 59100, 0.9799500000000001, 0.04322346029646401]
[[18600, -1], [36900, 2], [22500, 0], [23800, 1], [6400, 3], 1, 1, [2, 4, 0, 4, 2], [0, 3, 6, 9, 12], 18600, 36900, 0.9817, 0.06040662215353546]
[[18600, -1], [36900, 2], [21400, 1], [12600, 0], [2600, 3], 1, 1, [3, 3, 0, 3, 3], [0, 3, 6, 9, 12], 18600, 36900, 0.9817, 0.06040662215353546]
[[18600, -1], [36900, 2], [22500, 1], [19700, 3], [26300, 0], 1, 1, [4, 2, 0, 2, 4], [0, 3, 6, 9, 12], 18600, 36900, 0.9817, 0.06040662215353546]
[[41700, -1], [36900, 3], [22500, 2], [16700, 0], [8100, 1], [2700, 4], [1200, 5], 1, 1, [2, 2, 2, 0, 2, 2, 2], [0, 2, 4, 6, 8, 10, 12], 41700, 41700, 0.9817, 0.06040662215353546]
[[26700, -1], [46300, 1], [31900, 0], [42600, 2], [22400, 3], [11000, 4], [1700, 5], 1, 0, [2, 3, 5, 5, 5, 3, 2], [0, 2, 4, 6, 8, 10, 12], 26700, 46300, 0.9868999999999999, 0.04322346029646401]
[[26700, -1], [46300, 2], [38600, 0], [41000, 4], [45300, 6], [50700, 3], [33800, 1], [5000, 5], 1, 0, [2, 5, 3, 5, 3, 5, 2], [0, 2, 4, 6, 8, 10, 12], 26700, 50700, 0.9868999999999999, 0.04322346029646401]
[[26700, -1], [46300, 0], [30200, 1], [42600, 2], [22900, 3], [11300, 4], [1200, 5], 1, 0, [3, 2, 5, 5, 5, 2, 3], [0, 2, 4, 6, 8, 10, 12], 26700, 46300, 0.9869000000000001, 0.04322346029646401]
[[26700, -1], [46300, 0], [56600, 1], [32700, 2], [18100, 3], [9200, 4], [4100, 5], 1, 0, [3, 4, 4, 4, 4, 4, 3], [0, 2, 4, 6, 8, 10, 12], 26700, 56600, 0.9869000000000001, 0.04322346029646401]
[[26700, -1], [46300, 0], [36600, 2], [42700, 4], [45100, 1], [17800, 3], [5200, 5], 1, 0, [3, 5, 2, 5, 2, 5, 3], [0, 2, 4, 6, 8, 10, 12], 26700, 46300, 0.9869000000000001, 0.04322346029646401]
[[26700, -1], [46300, 1], [46700, 5], [65600, 3], [52500, 2], [33200, 0], [8600, 4], 1, 0, [4, 3, 4, 4, 4, 3, 4], [0, 2, 4, 6, 8, 10, 12], 26700, 65600, 0.9869000000000001, 0.04322346029646401]
[[26700, -1], [46300, 2], [42100, 4], [65600, 3], [52500, 1], [28800, 0], [4100, 5], 1, 0, [4, 4, 3, 4, 3, 4, 4], [0, 2, 4, 6, 8, 10, 12], 26700, 65600, 0.9869000000000001, 0.04322346029646401]
[[26700, -1], [48600, 3], [78700, 5], [50500, 6], [22900, 4], [9500, 2], [4100, 1], 1, 0, [4, 4, 4, 2, 4, 4, 4], [0, 2, 4, 6, 8, 10, 12], 26700, 78700, 0.9869000000000001, 0.04322346029646401]
[[26700, -1], [46300, 2], [40600, 1], [39300, 4], [36300, 5], [50700, 3], [33800, 0], 1, 0, [5, 2, 3, 5, 3, 2, 5], [0, 2, 4, 6, 8, 10, 12], 26700, 50700, 0.9869000000000001, 0.04322346029646401]
[[26700, -1], [46300, 1], [40100, 2], [41300, 4], [37700, 5], [50700, 3], [33800, 0], 1, 0, [5, 3, 2, 5, 2, 3, 5], [0, 2, 4, 6, 8, 10, 12], 26700, 50700, 0.9869000000000001, 0.04322346029646401]
[[36300, -1], [46300, 1], [32000, 0], [43000, 2], [24500, 3], [13000, 4], [6000, 5], [800, 6], 1, 0, [2, 3, 4, 4, 4, 4, 3, 2], [0, 1, 3, 5, 7, 9, 11, 12], 36300, 46300, 0.9869000000000001, 0.04322346029646401]
[[36300, -1], [46300, 2], [37300, 0], [43900, 5], [43200, 7], [52500, 3], [35700, 1], [10500, 4], [2000, 6], 1, 0, [2, 4, 3, 4, 4, 3, 4, 2], [0, 1, 3, 5, 7, 9, 11, 12], 36300, 52500, 0.9869000000000001, 0.04322346029646401]
[[36300, -1], [46300, 3], [41200, 4], [37400, 0], [41000, 7], [52500, 2], [29800, 1], [5300, 5], [2000, 6], 1, 0, [2, 4, 4, 3, 3, 4, 4, 2], [0, 1, 3, 5, 7, 9, 11, 12], 36300, 52500, 0.9869000000000001, 0.04322346029646401]
[[36300, -1], [46300, 0], [31300, 1], [43000, 2], [24700, 3], [13300, 4], [6200, 5], [600, 6], 1, 0, [3, 2, 4, 4, 4, 4, 2, 3], [0, 1, 3, 5, 7, 9, 11, 12], 36300, 46300, 0.9869000000000001, 0.04322346029646401]
[[36300, -1], [46300, 2], [35800, 0], [21400, 1], [24400, 3], [12800, 4], [2600, 5], [800, 6], 1, 0, [3, 3, 3, 4, 4, 3, 3, 3], [0, 1, 3, 5, 7, 9, 11, 12], 36300, 46300, 0.9869000000000001, 0.04322346029646401]
[[36300, -1], [46300, 3], [39300, 0], [25400, 1], [24900, 4], [23100, 2], [6200, 5], [800, 6], 1, 0, [3, 3, 4, 3, 3, 4, 3, 3], [0, 1, 3, 5, 7, 9, 11, 12], 36300, 46300, 0.9869000000000001, 0.04322346029646401]
[[36300, -1], [46300, 0], [35900, 2], [46000, 5], [46200, 1], [23100, 3], [10900, 4], [1800, 6], 1, 0, [3, 4, 2, 4, 4, 2, 4, 3], [0, 1, 3, 5, 7, 9, 11, 12], 36300, 46300, 0.9869000000000001, 0.04322346029646401]
[[36300, -1], [46300, 3], [39500, 0], [28700, 2], [28200, 4], [27800, 1], [2600, 5], [1800, 6], 1, 0, [3, 4, 3, 3, 3, 3, 4, 3], [0, 1, 3, 5, 7, 9, 11, 12], 36300, 46300, 0.9869000000000001, 0.04322346029646401]
[[36300, -1], [46300, 0], [39700, 3], [39400, 4], [44300, 7], [52500, 2], [29800, 1], [5300, 5], [2000, 6], 1, 0, [3, 4, 4, 2, 2, 4, 4, 3], [0, 1, 3, 5, 7, 9, 11, 12], 36300, 52500, 0.9869000000000001, 0.04322346029646401]
[[36300, -1], [46300, 2], [38300, 1], [42500, 5], [39100, 6], [52500, 3], [36100, 0], [10900, 4], 1, 0, [4, 2, 3, 4, 4, 3, 2, 4], [0, 1, 3, 5, 7, 9, 11, 12], 36300, 52500, 0.9869000000000001, 0.04322346029646401]
[[36300, -1], [46300, 3], [41200, 4], [37400, 1], [38100, 6], [52500, 2], [30800, 0], [6400, 5], 1, 0, [4, 2, 4, 3, 3, 4, 2, 4], [0, 1, 3, 5, 7, 9, 11, 12], 36300, 52500, 0.9869000000000001, 0.04322346029646401]
[[36300, -1], [46300, 1], [37500, 2], [44700, 5], [41600, 6], [52500, 3], [36100, 0], [10900, 4], 1, 0, [4, 3, 2, 4, 4, 2, 3, 4], [0, 1, 3, 5, 7, 9, 11, 12], 36300, 52500, 0.9869000000000001, 0.04322346029646401]
[[36300, -1], [46300, 3], [39700, 1], [30100, 2], [28900, 4], [27600, 5], [23600, 6], [26300, 0], 1, 0, [4, 3, 3, 3, 3, 3, 3, 4], [0, 1, 3, 5, 7, 9, 11, 12], 36300, 46300, 0.9869000000000001, 0.04322346029646401]
[[36300, -1], [46300, 1], [40500, 3], [39600, 4], [40200, 6], [52500, 2], [30800, 0], [6400, 5], 1, 0, [4, 3, 4, 2, 2, 4, 3, 4], [0, 1, 3, 5, 7, 9, 11, 12], 36300, 52500, 0.9869000000000001, 0.04322346029646401]
[[36300, -1], [46300, 3], [41200, 4], [37400, 2], [34800, 5], [52500, 1], [27300, 0], [1800, 6], 1, 0, [4, 4, 2, 3, 3, 2, 4, 4], [0, 1, 3, 5, 7, 9, 11, 12], 36300, 52500, 0.9869000000000001, 0.04322346029646401]
[[36300, -1], [46300, 2], [41900, 3], [39600, 5], [33800, 4], [52500, 1], [27300, 0], [1800, 6], 1, 0, [4, 4, 3, 2, 2, 3, 4, 4], [0, 1, 3, 5, 7, 9, 11, 12], 36300, 52500, 0.9869000000000001, 0.04322346029646401]
[[18600, -1], [36800, 0], [40400, 1], [15900, 2], [8200, 3], 1, 1, [3, 5, 4, 5, 3], [0, 3, 6, 9, 12], 18600, 40400, 0.9869000000000001, 0.06040662215353546]
[[18600, -1], [38600, 2], [59100, 1], [31800, 0], [8200, 3], 1, 1, [4, 5, 2, 5, 4], [0, 3, 6, 9, 12], 18600, 59100, 0.9869000000000001, 0.06040662215353546]
[[18600, -1], [36800, 1], [33500, 3], [46500, 0], [13200, 2], 1, 1, [5, 3, 4, 3, 5], [0, 3, 6, 9, 12], 18600, 46500, 0.9869000000000001, 0.06040662215353546]
[[18600, -1], [38600, 2], [59100, 0], [22900, 1], [6400, 3], 1, 1, [5, 4, 2, 4, 5], [0, 3, 6, 9, 12], 18600, 59100, 0.9869000000000001, 0.06040662215353546]
[[29000, -1], [36800, 1], [24700, 0], [30800, 2], [15300, 3], [2600, 4], 1, 1, [2, 3, 5, 5, 3, 2], [0, 3, 5, 7, 9, 12], 29000, 36800, 0.9869000000000001, 0.06040662215353546]
[[29000, -1], [36800, 2], [30700, 0], [28100, 3], [31000, 1], [8200, 4], 1, 1, [2, 5, 3, 3, 5, 2], [0, 3, 5, 7, 9, 12], 29000, 36800, 0.9869000000000001, 0.06040662215353546]
[[29000, -1], [36800, 0], [21600, 1], [30700, 2], [15200, 3], [1800, 4], 1, 1, [3, 2, 5, 5, 2, 3], [0, 3, 5, 7, 9, 12], 29000, 36800, 0.9869000000000001, 0.06040662215353546]
[[29000, -1], [36800, 0], [27800, 2], [28600, 3], [30400, 1], [8200, 4], 1, 1, [3, 5, 2, 2, 5, 3], [0, 3, 5, 7, 9, 12], 29000, 36800, 0.9869000000000001, 0.06040662215353546]
[[29000, -1], [36800, 2], [31700, 3], [27400, 1], [24700, 4], [33800, 0], 1, 1, [5, 2, 3, 3, 2, 5], [0, 3, 5, 7, 9, 12], 29000, 36800, 0.9869000000000001, 0.06040662215353546]
[[29000, -1], [36800, 1], [31900, 2], [29600, 3], [25800, 4], [33800, 0], 1, 1, [5, 3, 2, 2, 3, 5], [0, 3, 5, 7, 9, 12], 29000, 36800, 0.9869000000000001, 0.06040662215353546]
[[41700, -1], [38600, 3], [34900, 1], [25000, 0], [29700, 2], [11100, 4], [1200, 5], 1, 1, [2, 2, 5, 2, 5, 2, 2], [0, 2, 4, 6, 8, 10, 12], 41700, 41700, 0.9869000000000001, 0.06040662215353546]
[[41700, -1], [38600, 3], [34900, 2], [28900, 0], [29300, 4], [31500, 6], [33800, 1], [5000, 5], 1, 1, [2, 5, 2, 2, 2, 5, 2], [0, 2, 4, 6, 8, 10, 12], 41700, 41700, 0.9869000000000001, 0.06040662215353546]
[[41700, -1], [38600, 3], [34900, 2], [30000, 1], [28500, 4], [25500, 5], [33800, 0], 1, 1, [5, 2, 2, 2, 2, 2, 5], [0, 2, 4, 6, 8, 10, 12], 41700, 41700, 0.9869000000000001, 0.06040662215353546]
[[42000, -1], [37400, 3], [32100, 2], [23900, 0], [11600, 1], [3900, 4], [1700, 5], 1, 1, [3, 3, 3, 3, 3, 3, 3], [0, 2, 4, 6, 8, 10, 12], 42000, 42000, 0.99385, 0.06040662215353546]
[[42000, -1], [37400, 3], [32100, 0], [22600, 2], [25300, 4], [24400, 1], [4100, 5], 1, 1, [3, 4, 2, 3, 2, 4, 3], [0, 2, 4, 6, 8, 10, 12], 42000, 42000, 0.99385, 0.06040662215353546]
[[42000, -1], [37400, 3], [32100, 2], [26000, 1], [24200, 4], [20500, 5], [26300, 0], 1, 1, [4, 2, 3, 3, 3, 2, 4], [0, 2, 4, 6, 8, 10, 12], 42000, 42000, 0.99385, 0.06040662215353546]
[[42000, -1], [37400, 3], [32100, 1], [25400, 2], [25300, 4], [22200, 5], [26300, 0], 1, 1, [4, 3, 2, 3, 2, 3, 4], [0, 2, 4, 6, 8, 10, 12], 42000, 42000, 0.99385, 0.06040662215353546]
[[42000, -1], [37400, 3], [32100, 1], [20200, 0], [22900, 2], [8800, 4], [1700, 5], 1, 1, [2, 3, 4, 3, 4, 3, 2], [0, 2, 4, 6, 8, 10, 12], 42000, 42000, 0.9938500000000001, 0.06040662215353546]
[[42000, -1], [37400, 3], [32100, 2], [24700, 0], [24700, 4], [24700, 1], [4100, 5], 1, 1, [2, 4, 3, 3, 3, 4, 2], [0, 2, 4, 6, 8, 10, 12], 42000, 42000, 0.9938500000000001, 0.06040662215353546]
[[42000, -1], [37400, 3], [32100, 0], [18600, 1], [22800, 2], [9000, 4], [1200, 5], 1, 1, [3, 2, 4, 3, 4, 2, 3], [0, 2, 4, 6, 8, 10, 12], 42000, 42000, 0.9938500000000001, 0.06040662215353546]
[[27100, -1], [47600, 3], [32100, 1], [20200, 0], [22900, 2], [8800, 4], [1700, 5], 1, 0, [2, 3, 4, 0, 4, 3, 2], [0, 2, 4, 6, 8, 10, 12], 27100, 47600, 0.9956, 0.04322346029646401]
[[27100, -1], [47600, 3], [32100, 2], [24700, 0], [24700, 4], [24700, 1], [4100, 5], 1, 0, [2, 4, 3, 0, 3, 4, 2], [0, 2, 4, 6, 8, 10, 12], 27100, 47600, 0.9956, 0.04322346029646401]
[[27100, -1], [47600, 3], [32100, 0], [18600, 1], [22800, 2], [9000, 4], [1200, 5], 1, 0, [3, 2, 4, 0, 4, 2, 3], [0, 2, 4, 6, 8, 10, 12], 27100, 47600, 0.9956, 0.04322346029646401]
[[27100, -1], [47600, 3], [32100, 2], [23900, 0], [11600, 1], [3900, 4], [1700, 5], 1, 0, [3, 3, 3, 0, 3, 3, 3], [0, 2, 4, 6, 8, 10, 12], 27100, 47600, 0.9956, 0.04322346029646401]
[[27100, -1], [47600, 3], [32100, 0], [22600, 2], [25300, 4], [24400, 1], [4100, 5], 1, 0, [3, 4, 2, 0, 2, 4, 3], [0, 2, 4, 6, 8, 10, 12], 27100, 47600, 0.9956, 0.04322346029646401]
[[27100, -1], [47600, 3], [32100, 2], [26000, 1], [24200, 4], [20500, 5], [26300, 0], 1, 0, [4, 2, 3, 0, 3, 2, 4], [0, 2, 4, 6, 8, 10, 12], 27100, 47600, 0.9956, 0.04322346029646401]
[[27100, -1], [47600, 3], [32100, 1], [25400, 2], [25300, 4], [22200, 5], [26300, 0], 1, 0, [4, 3, 2, 0, 2, 3, 4], [0, 2, 4, 6, 8, 10, 12], 27100, 47600, 0.9956, 0.04322346029646401]
[[18900, -1], [36700, 2], [17800, 1], [9200, 0], [2600, 3], 1, 1, [2, 3, 1, 3, 2], [0, 3, 6, 9, 12], 18900, 36700, 0.9985, 0.06040662215353546]
[[18900, -1], [36700, 2], [17800, 0], [6500, 1], [1800, 3], 1, 1, [3, 2, 1, 2, 3], [0, 3, 6, 9, 12], 18900, 36700, 0.9985, 0.06040662215353546]
